0.200000000000000 0.164012627000000
0.212500000000000 0.179831947000000
0.225000000000000 0.192544466000000
0.237500000000000 0.228049716000000
0.250000000000000 0.246800580000000
0.262500000000000 0.266100912000000
0.275000000000000 0.306587696000000
0.287500000000000 0.327658612000000
0.300000000000000 0.331114363000000
0.312500000000000 0.352127460000000
0.325000000000000 0.348784782000000
0.337500000000000 0.390761272000000
0.350000000000000 0.412082937000000
0.353000000000000 0.413975492000000
0.356000000000000 0.435002834000000
0.359000000000000 0.435002836000000
0.362000000000000 0.435002845000000
0.362500000000000 0.431979498000000
0.365000000000000 0.457730911000000
0.368000000000000 0.457730915000000
0.371000000000000 0.457730908000000
0.374000000000000 0.457730912000000
0.375000000000000 0.472658698000000
0.377000000000000 0.472620317000000
0.380000000000000 0.472620321000000
0.383000000000000 0.472620322000000
0.386000000000000 0.490451080000000
0.387500000000000 0.490502102000000
0.389000000000000 0.490451078000000
0.392000000000000 0.490451078000000
0.395000000000000 0.504774005000000
0.398000000000000 0.504774005000000
0.400000000000000 0.504739348000000
0.401000000000000 0.504774006000000
0.404000000000000 0.504774006000000
0.407000000000000 0.514150498000000
0.410000000000000 0.514150497000000
0.412500000000000 0.514087377000000
0.413000000000000 0.514150498000000
0.416000000000000 0.519090058000000
0.419000000000000 0.519090058000000
0.422000000000000 0.519090058000000
0.425000000000000 0.521256113000000
0.428000000000000 0.521247495000000
0.431000000000000 0.521247495000000
0.434000000000000 0.521247495000000
0.437000000000000 0.522173387000000
0.437500000000000 0.522069087000000
0.440000000000000 0.522173387000000
0.443000000000000 0.522173388000000
0.446000000000000 0.523599916000000
0.449000000000000 0.523599916000000
0.450000000000000 0.523587296000000
0.452000000000000 0.523599916000000
0.455000000000000 0.529861296000000
0.458000000000000 0.529861296000000
0.461000000000000 0.529861296000000
0.462500000000000 0.529756606000000
0.464000000000000 0.529861296000000
0.467000000000000 0.544757227000000
0.470000000000000 0.544757227000000
0.473000000000000 0.544757227000000
0.475000000000000 0.544738705000000
0.476000000000000 0.563916971000000
0.479000000000000 0.563916971000000
0.482000000000000 0.563916971000000
0.485000000000000 0.584423914000000
0.487500000000000 0.584429681000000
0.488000000000000 0.584423914000000
0.491000000000000 0.584423914000000
0.494000000000000 0.584423914000000
0.497000000000000 0.605541809000000
0.500000000000000 0.605560164000000
0.512500000000000 0.627138535000000
0.525000000000000 0.648996064000000
0.537500000000000 0.693885909000000
0.550000000000000 0.716703354000000
0.562500000000000 0.739884117000000
0.575000000000000 0.763423161000000
0.587500000000000 0.811162000000000
0.600000000000000 0.835498684000000
0.612500000000000 0.860122302000000
0.625000000000000 0.885033253000000
0.637500000000000 0.935703712000000
0.650000000000000 0.961477949000000
0.662500000000000 0.987550645000000
0.675000000000000 1.040579313000000
0.687500000000000 1.067523755000000
0.700000000000000 1.094762817000000
0.712500000000000 1.122292325000000
0.725000000000000 1.178198788000000
0.737500000000000 1.206592034000000
0.750000000000000 1.235266147000000
0.762500000000000 1.264228129000000
0.775000000000000 1.293472377000000
0.787500000000000 1.352798723000000
0.800000000000000 1.382861627000000
0.812500000000000 1.413213920000000
0.825000000000000 1.443836794000000
0.837500000000000 1.505878585000000
0.850000000000000 1.537288084000000
0.862500000000000 1.568948863000000
0.875000000000000 1.632931796000000
0.887500000000000 1.665219731000000
0.900000000000000 1.697772477000000
0.912500000000000 1.730520162000000
0.925000000000000 1.796475886000000
0.937500000000000 1.829611569000000
0.950000000000000 1.862777835000000
0.962500000000000 1.896102110000000
0.975000000000000 1.963544317000000
0.987500000000000 1.994210116000000
1.000000000000000 2.025957062000000
