0.200000000000000 0.164012627000000
0.223484848484849 0.190426364271250
0.246969696969697 0.242439243522014
0.270454545454546 0.292386581202181
0.293939393939394 0.329163159920655
0.317424242424242 0.351568219841702
0.340909090909091 0.397689194724561
0.364393939393939 0.453924484520759
0.387878787878788 0.490489276351943
0.411363636363636 0.514115568234331
0.434848484848485 0.521426400993090
0.458333333333333 0.529861296000000
0.481818181818182 0.563916971000000
0.505303030303030 0.614272001077891
0.528787878787879 0.661164646400050
0.552272727272727 0.720902148185072
0.575757575757576 0.765448417261304
0.599242424242424 0.834036575925070
0.622727272727273 0.879607503565823
0.646212121212121 0.954111598670543
0.669696969696970 1.018680984866344
0.693181818181818 1.079884188743037
0.716666666666667 1.139363379866042
0.740151515151515 1.212658470602489
0.763636363636364 1.266807189671522
