0.2	0.245617489
0.201801802	0.245617489
0.203603604	0.245617489
0.205405405	0.245617489
0.207207207	0.24745051
0.209009009	0.250900904
0.210810811	0.254351298
0.212612613	0.257801691
0.214414414	0.261252085
0.216216216	0.264702478
0.218018018	0.268152872
0.21981982	0.272862284
0.221621622	0.278433129
0.223423423	0.284003974
0.225225225	0.28957482
0.227027027	0.295145665
0.228828829	0.30071651
0.230630631	0.306287356
0.232432432	0.312010961
0.234234234	0.317814585
0.236036036	0.323618208
0.237837838	0.329421831
0.23963964	0.335225454
0.241441441	0.341029077
0.243243243	0.346832701
0.245045045	0.351408383
0.246846847	0.355503566
0.248648649	0.359598749
0.25045045	0.363693933
0.252252252	0.367789116
0.254054054	0.371884299
0.255855856	0.375979483
0.257657658	0.381932463
0.259459459	0.388405626
0.261261261	0.394878789
0.263063063	0.401351953
0.264864865	0.407825116
0.266666667	0.414298279
0.268468468	0.420771443
0.27027027	0.427427375
0.272072072	0.434117152
0.273873874	0.44080693
0.275675676	0.447496708
0.277477477	0.454186486
0.279279279	0.460876264
0.281081081	0.467566042
0.282882883	0.472347618
0.284684685	0.476931793
0.286486486	0.481515968
0.288288288	0.486100144
0.29009009	0.490684319
0.291891892	0.495268495
0.293693694	0.49985267
0.295495495	0.504542666
0.297297297	0.509236075
0.299099099	0.513929484
0.300900901	0.518622894
0.302702703	0.523316303
0.304504505	0.528009712
0.306306306	0.532701573
0.308108108	0.53734541
0.30990991	0.541989247
0.311711712	0.546633084
0.313513514	0.551276921
0.315315315	0.555920758
0.317117117	0.560564595
0.318918919	0.56515443
0.320720721	0.569222238
0.322522523	0.573290046
0.324324324	0.577357854
0.326126126	0.581425662
0.327927928	0.585493471
0.32972973	0.589561279
0.331531532	0.593212327
0.333333333	0.594612872
0.335135135	0.596013417
0.336936937	0.597413961
0.338738739	0.598814506
0.340540541	0.600215051
0.342342342	0.601615596
0.344144144	0.603020745
0.345945946	0.604442336
0.347747748	0.605863927
0.34954955	0.607285519
0.351351351	0.60870711
0.353153153	0.610128702
0.354954955	0.611550293
0.356756757	0.614447389
0.358558559	0.621115217
0.36036036	0.627783045
0.362162162	0.634450873
0.363963964	0.641118701
0.365765766	0.647786529
0.367567568	0.654454357
0.369369369	0.661338918
0.371171171	0.668637242
0.372972973	0.675935565
0.374774775	0.683233888
0.376576577	0.690532211
0.378378378	0.697830535
0.38018018	0.705128858
0.381981982	0.711497104
0.383783784	0.716506005
0.385585586	0.721514907
0.387387387	0.726523808
0.389189189	0.73153271
0.390990991	0.736541612
0.392792793	0.741550513
0.394594595	0.746600023
0.396396396	0.751695556
0.398198198	0.756791089
0.4	0.761886621
0.401801802	0.766982154
0.403603604	0.772077687
0.405405405	0.777173219
0.407207207	0.783726547
0.409009009	0.791566164
0.410810811	0.799405781
0.412612613	0.807245398
0.414414414	0.815085015
0.416216216	0.822924632
0.418018018	0.830764249
0.41981982	0.838674713
0.421621622	0.84663365
0.423423423	0.854592587
0.425225225	0.862551524
0.427027027	0.870510462
0.428828829	0.878469399
0.430630631	0.886428336
0.432432432	0.887678969
0.434234234	0.885415729
0.436036036	0.883152489
0.437837838	0.880889249
0.43963964	0.878626009
0.441441441	0.876362769
0.443243243	0.874099529
0.445045045	0.871722679
0.446846847	0.869301374
0.448648649	0.866880068
0.45045045	0.864458762
0.452252252	0.862037457
0.454054054	0.859616151
0.455855856	0.857194845
0.457657658	0.860654078
0.459459459	0.865759862
0.461261261	0.870865646
0.463063063	0.875971431
0.464864865	0.881077215
0.466666667	0.886182999
0.468468468	0.891288783
0.47027027	0.898690344
0.472072072	0.906517049
0.473873874	0.914343754
0.475675676	0.922170459
0.477477477	0.929997164
0.479279279	0.937823869
0.481081081	0.945650574
0.482882883	0.953576247
0.484684685	0.961512159
0.486486486	0.969448071
0.488288288	0.977383982
0.49009009	0.985319894
0.491891892	0.993255806
0.493693694	1.001191717
0.495495495	1.006668036
0.497297297	1.012065014
0.499099099	1.017461991
0.500900901	1.022858968
0.502702703	1.028255946
0.504504505	1.033652923
0.506306306	1.039037821
0.508108108	1.044048253
0.50990991	1.049058685
0.511711712	1.054069117
0.513513514	1.059079549
0.515315315	1.064089981
0.517117117	1.069100413
0.518918919	1.074372273
0.520720721	1.082171271
0.522522523	1.089970268
0.524324324	1.097769266
0.526126126	1.105568264
0.527927928	1.113367262
0.52972973	1.12116626
0.531531532	1.129041786
0.533333333	1.137330566
0.535135135	1.145619346
0.536936937	1.153908125
0.538738739	1.162196905
0.540540541	1.170485685
0.542342342	1.178774465
0.544144144	1.186475092
0.545945946	1.192075174
0.547747748	1.197675255
0.54954955	1.203275337
0.551351351	1.208875419
0.553153153	1.2144755
0.554954955	1.220075582
0.556756757	1.225693143
0.558558559	1.231355373
0.56036036	1.237017604
0.562162162	1.242679834
0.563963964	1.248342064
0.565765766	1.254004295
0.567567568	1.259666525
0.569369369	1.266325996
0.571171171	1.274889289
0.572972973	1.283452582
0.574774775	1.292015876
0.576576577	1.300579169
0.578378378	1.309142462
0.58018018	1.317705755
0.581981982	1.326288146
0.583783784	1.33489845
0.585585586	1.343508753
0.587387387	1.352119057
0.589189189	1.36072936
0.590990991	1.369339664
0.592792793	1.377949968
0.594594595	1.385244716
0.596396396	1.391048502
0.598198198	1.396852287
0.6	1.402656073
0.601801802	1.408459859
0.603603604	1.414263645
0.605405405	1.420067431
0.607207207	1.425887005
0.609009009	1.431720509
0.610810811	1.437554014
0.612612613	1.443387519
0.614414414	1.449221023
0.616216216	1.455054528
0.618018018	1.460888033
0.61981982	1.468480281
0.621621622	1.47727588
0.623423423	1.486071478
0.625225225	1.494867077
0.627027027	1.503662676
0.628828829	1.512458275
0.630630631	1.521253874
0.632432432	1.530050376
0.634234234	1.538847352
0.636036036	1.547644328
0.637837838	1.556441304
0.63963964	1.565238279
0.641441441	1.574035255
0.643243243	1.582832231
0.645045045	1.589531947
0.646846847	1.595410997
0.648648649	1.601290047
0.65045045	1.607169097
0.652252252	1.613048146
0.654054054	1.618927196
0.655855856	1.624806246
0.657657658	1.633021143
0.659459459	1.641890077
0.661261261	1.650759012
0.663063063	1.659627946
0.664864865	1.668496881
0.666666667	1.677365815
0.668468468	1.686234749
0.67027027	1.695098387
0.672072072	1.703961044
0.673873874	1.712823701
0.675675676	1.721686358
0.677477477	1.730549015
0.679279279	1.739411672
0.681081081	1.748274329
0.682882883	1.754450814
0.684684685	1.760349419
0.686486486	1.766248025
0.688288288	1.77214663
0.69009009	1.778045236
0.691891892	1.783943841
0.693693694	1.789842446
0.695495495	1.795736783
0.697297297	1.801630983
0.699099099	1.807525182
0.700900901	1.813419381
0.702702703	1.81931358
0.704504505	1.82520778
0.706306306	1.831191323
0.708108108	1.83994455
0.70990991	1.848697777
0.711711712	1.857451005
0.713513514	1.866204232
0.715315315	1.874957459
0.717117117	1.883710686
0.718918919	1.892459547
0.720720721	1.901166204
0.722522523	1.909872861
0.724324324	1.918579518
0.726126126	1.927286175
0.727927928	1.935992832
0.72972973	1.944699489
0.731531532	1.952911838
0.733333333	1.958454922
0.735135135	1.963998006
0.736936937	1.96954109
0.738738739	1.975084174
0.740540541	1.980627258
0.742342342	1.986170342
0.744144144	1.991702452
0.745945946	1.997195365
0.747747748	2.002688279
0.74954955	2.008181192
0.751351351	2.013674106
0.753153153	2.01916702
0.754954955	2.024659933
0.756756757	2.030200936
0.758558559	2.035864833
0.76036036	2.04152873
0.762162162	2.047192627
0.763963964	2.052856523
0.765765766	2.05852042
0.767567568	2.064184317
0.769369369	2.070770337
0.771171171	2.079116772
0.772972973	2.087463208
0.774774775	2.095809644
0.776576577	2.104156079
0.778378378	2.112502515
0.78018018	2.12084895
0.781981982	2.129147556
0.783783784	2.137376256
0.785585586	2.145604956
0.787387387	2.153833655
0.789189189	2.162062355
0.790990991	2.170291055
0.792792793	2.178519755
0.794594595	2.185401325
0.796396396	2.190756147
0.798198198	2.19611097
0.8	2.201465793
0.801801802	2.206820615
0.803603604	2.212175438
0.805405405	2.21753026
0.807207207	2.222288705
0.809009009	2.226520933
0.810810811	2.230753161
0.812612613	2.234985389
0.814414414	2.239217617
0.816216216	2.243449845
0.818018018	2.247682073
0.81981982	2.251073036
0.821621622	2.253888398
0.823423423	2.256703759
0.825225225	2.25951912
0.827027027	2.262334481
0.828828829	2.265149842
0.830630631	2.267965203
0.832432432	2.270215165
0.834234234	2.272168965
0.836036036	2.274122765
0.837837838	2.276076566
0.83963964	2.278030366
0.841441441	2.279984166
0.843243243	2.281937966
0.845045045	2.283590546
0.846846847	2.285125258
0.848648649	2.286659969
0.85045045	2.288194681
0.852252252	2.289729392
0.854054054	2.291264104
0.855855856	2.292798815
0.857657658	2.295445208
0.859459459	2.298402873
0.861261261	2.301360537
0.863063063	2.304318201
0.864864865	2.307275866
0.866666667	2.31023353
0.868468468	2.313191194
0.87027027	2.316635018
0.872072072	2.320168872
0.873873874	2.323702726
0.875675676	2.327236579
0.877477477	2.330770433
0.879279279	2.334304287
0.881081081	2.33783814
0.882882883	2.34094709
0.884684685	2.344012084
0.886486486	2.347077077
0.888288288	2.350142071
0.89009009	2.353207065
0.891891892	2.356272059
0.893693694	2.359337053
0.895495495	2.362903595
0.897297297	2.366486316
0.899099099	2.370069036
0.900900901	2.373651757
0.902702703	2.377234478
0.904504505	2.380817199
0.906306306	2.384488288
0.908108108	2.390898798
0.90990991	2.397309308
0.911711712	2.403719818
0.913513514	2.410130328
0.915315315	2.416540838
0.917117117	2.422951348
0.918918919	2.429417098
0.920720721	2.436416829
0.922522523	2.44341656
0.924324324	2.450416291
0.926126126	2.457416022
0.927927928	2.464415754
0.92972973	2.471415485
0.931531532	2.478121821
0.933333333	2.483243822
0.935135135	2.488365823
0.936936937	2.493487824
0.938738739	2.498609825
0.940540541	2.503731826
0.942342342	2.508853827
0.944144144	2.514027558
0.945945946	2.519386037
0.947747748	2.524744516
0.94954955	2.530102996
0.951351351	2.535461475
0.953153153	2.540819955
0.954954955	2.546178434
0.956756757	2.552449138
0.958558559	2.561051084
0.96036036	2.569653029
0.962162162	2.578254975
0.963963964	2.58685692
0.965765766	2.595458865
0.967567568	2.604060811
0.969369369	2.612643288
0.971171171	2.6211886
0.972972973	2.629733912
0.974774775	2.638279223
0.976576577	2.646824535
0.978378378	2.655369846
0.98018018	2.663915158
0.981981982	2.671280711
0.983783784	2.676922
0.985585586	2.68256329
0.987387387	2.688204579
0.989189189	2.693845869
0.990990991	2.699487158
0.992792793	2.705128448
0.994594595	2.710613893
0.996396396	2.715922716
0.998198198	2.721231538
1	2.726540361
1.001801802	2.731849183
1.003603604	2.737158006
1.005405405	2.742466828
1.007207207	2.74676231
1.009009009	2.750163667
1.010810811	2.753565024
1.012612613	2.756966381
1.014414414	2.760367738
1.016216216	2.763769095
1.018018018	2.767170453
1.01981982	2.770330682
1.021621622	2.773325929
1.023423423	2.776321176
1.025225225	2.779316423
1.027027027	2.78231167
1.028828829	2.785306917
1.030630631	2.788302164
1.032432432	2.791194367
1.034234234	2.794032595
1.036036036	2.796870822
1.037837838	2.799709049
1.03963964	2.802547276
1.041441441	2.805385504
1.043243243	2.808223731
1.045045045	2.810272315
1.046846847	2.812011908
1.048648649	2.813751502
1.05045045	2.815491095
1.052252252	2.817230688
1.054054054	2.818970282
1.055855856	2.820709875
1.057657658	2.822966473
1.059459459	2.825367832
1.061261261	2.827769191
1.063063063	2.83017055
1.064864865	2.832571908
1.066666667	2.834973267
1.068468468	2.837374626
1.07027027	2.839668706
1.072072072	2.84194292
1.073873874	2.844217134
1.075675676	2.846491348
1.077477477	2.848765562
1.079279279	2.851039776
1.081081081	2.85331399
1.082882883	2.854795977
1.084684685	2.85619601
1.086486486	2.857596044
1.088288288	2.858996077
1.09009009	2.86039611
1.091891892	2.861796143
1.093693694	2.863196176
1.095495495	2.864493603
1.097297297	2.865787719
1.099099099	2.867081836
1.100900901	2.868375952
1.102702703	2.869670068
1.104504505	2.870964185
1.106306306	2.872256308
1.108108108	2.873486626
1.10990991	2.874716945
1.111711712	2.875947264
1.113513514	2.877177582
1.115315315	2.878407901
1.117117117	2.879638219
1.118918919	2.880919436
1.120720721	2.882692663
1.122522523	2.88446589
1.124324324	2.886239117
1.126126126	2.888012344
1.127927928	2.889785571
1.12972973	2.891558799
1.131531532	2.893318244
1.133333333	2.895003266
1.135135135	2.896688288
1.136936937	2.89837331
1.138738739	2.900058333
1.140540541	2.901743355
1.142342342	2.903428377
1.144144144	2.904974431
1.145945946	2.906024169
1.147747748	2.907073906
1.14954955	2.908123644
1.151351351	2.909173382
1.153153153	2.910223119
1.154954955	2.911272857
1.156756757	2.912314057
1.158558559	2.91333344
1.16036036	2.914352822
1.162162162	2.915372204
1.163963964	2.916391587
1.165765766	2.917410969
1.167567568	2.918430352
1.169369369	2.919589168
1.171171171	2.921014176
1.172972973	2.922439184
1.174774775	2.923864193
1.176576577	2.925289201
1.178378378	2.926714209
1.18018018	2.928139217
1.181981982	2.929544627
1.183783784	2.930921394
1.185585586	2.932298161
1.187387387	2.933674928
1.189189189	2.935051694
1.190990991	2.936428461
1.192792793	2.937805228
1.194594595	2.938953661
1.196396396	2.939843317
1.198198198	2.940732973
1.2	2.941622629
1.201801802	2.942512285
1.203603604	2.943401941
1.205405405	2.944291597
1.207207207	2.946090157
1.209009009	2.948690691
1.210810811	2.951291225
1.212612613	2.953891759
1.214414414	2.956492293
1.216216216	2.959092826
1.218018018	2.96169336
1.21981982	2.965820414
1.221621622	2.970991929
1.223423423	2.976163444
1.225225225	2.981334959
1.227027027	2.986506474
1.228828829	2.991677989
1.230630631	2.996849504
1.232432432	3.002590073
1.234234234	3.008628717
1.236036036	3.014667362
1.237837838	3.020706007
1.23963964	3.026744651
1.241441441	3.032783296
1.243243243	3.038821941
1.245045045	3.044888796
1.246846847	3.050966689
1.248648649	3.057044583
1.25045045	3.063122477
1.252252252	3.06920037
1.254054054	3.075278264
1.255855856	3.081356157
1.257657658	3.087462788
1.259459459	3.093577465
1.261261261	3.099692142
1.263063063	3.105806819
1.264864865	3.111921496
1.266666667	3.118036173
1.268468468	3.12415085
1.27027027	3.132909993
1.272072072	3.142158852
1.273873874	3.15140771
1.275675676	3.160656569
1.277477477	3.169905428
1.279279279	3.179154286
1.281081081	3.188403145
1.282882883	3.197698137
1.284684685	3.206997902
1.286486486	3.216297667
1.288288288	3.225597431
1.29009009	3.234897196
1.291891892	3.244196961
1.293693694	3.253496725
1.295495495	3.259833192
1.297297297	3.266074068
1.299099099	3.272314944
1.300900901	3.27855582
1.302702703	3.284796696
1.304504505	3.291037572
1.306306306	3.297377771
1.308108108	3.306796982
1.30990991	3.316216192
1.311711712	3.325635402
1.313513514	3.335054612
1.315315315	3.344473822
1.317117117	3.353893032
1.318918919	3.363316059
1.320720721	3.372775976
1.322522523	3.382235893
1.324324324	3.391695811
1.326126126	3.401155728
1.327927928	3.410615645
1.32972973	3.420075562
1.331531532	3.429059289
1.333333333	3.435471585
1.335135135	3.441883882
1.336936937	3.448296179
1.338738739	3.454708475
1.340540541	3.461120772
1.342342342	3.467533069
1.344144144	3.474097387
1.345945946	3.481204638
1.347747748	3.488311889
1.34954955	3.49541914
1.351351351	3.50252639
1.353153153	3.509633641
1.354954955	3.516740892
1.356756757	3.524161669
1.358558559	3.532383678
1.36036036	3.540605687
1.362162162	3.548827696
1.363963964	3.557049704
1.365765766	3.565271713
1.367567568	3.573493722
1.369369369	3.581715731
1.371171171	3.58993774
1.372972973	3.598159748
1.374774775	3.606381757
1.376576577	3.614603766
1.378378378	3.622825775
1.38018018	3.631047784
1.381981982	3.639078858
1.383783784	3.646830875
1.385585586	3.654582893
1.387387387	3.66233491
1.389189189	3.670086927
1.390990991	3.677838944
1.392792793	3.685590961
1.394594595	3.693342978
1.396396396	3.701094995
1.398198198	3.708847012
1.4	3.716599029
1.401801802	3.724351046
1.403603604	3.732103063
1.405405405	3.73985508
1.407207207	3.746753727
1.409009009	3.752899399
1.410810811	3.759045071
1.412612613	3.765190743
1.414414414	3.771336415
1.416216216	3.777482088
1.418018018	3.78362776
1.41981982	3.791945499
1.421621622	3.801749389
1.423423423	3.811553278
1.425225225	3.821357168
1.427027027	3.831161058
1.428828829	3.840964948
1.430630631	3.850768837
1.432432432	3.860620278
1.434234234	3.870496627
1.436036036	3.880372976
1.437837838	3.890249325
1.43963964	3.900125674
1.441441441	3.910002023
1.443243243	3.919878372
1.445045045	3.927409706
1.446846847	3.934023425
1.448648649	3.940637144
1.45045045	3.947250864
1.452252252	3.953864583
1.454054054	3.960478303
1.455855856	3.967092022
1.457657658	3.976331943
1.459459459	3.9863072
1.461261261	3.996282458
1.463063063	4.006257715
1.464864865	4.016232972
1.466666667	4.02620823
1.468468468	4.036183487
1.47027027	4.046178873
1.472072072	4.056177987
1.473873874	4.0661771
1.475675676	4.076176214
1.477477477	4.086175327
1.479279279	4.096174441
1.481081081	4.106173554
1.482882883	4.113170692
1.484684685	4.119857281
1.486486486	4.12654387
1.488288288	4.133230459
1.49009009	4.139917048
1.491891892	4.146603638
1.493693694	4.153290227
1.495495495	4.159992043
1.497297297	4.16669435
1.499099099	4.173396658
1.500900901	4.180098966
1.502702703	4.186801273
1.504504505	4.193503581
1.506306306	4.200206256
1.508108108	4.206920328
1.50990991	4.213634401
1.511711712	4.220348473
1.513513514	4.227062545
1.515315315	4.233776618
1.517117117	4.24049069
1.518918919	4.247521197
1.520720721	4.257610569
1.522522523	4.267699941
1.524324324	4.277789312
1.526126126	4.287878684
1.527927928	4.297968056
1.52972973	4.308057428
1.531531532	4.318148126
1.533333333	4.328245985
1.535135135	4.338343844
1.536936937	4.348441703
1.538738739	4.358539563
1.540540541	4.368637422
1.542342342	4.378735281
1.544144144	4.388098438
1.545945946	4.39483766
1.547747748	4.401576881
1.54954955	4.408316103
1.551351351	4.415055325
1.553153153	4.421794546
1.554954955	4.428533768
1.556756757	4.436220123
1.558558559	4.446326933
1.56036036	4.456433742
1.562162162	4.466540551
1.563963964	4.476647361
1.565765766	4.48675417
1.567567568	4.49686098
1.569369369	4.506965009
1.571171171	4.517063732
1.572972973	4.527162455
1.574774775	4.537261178
1.576576577	4.547359901
1.578378378	4.557458623
1.58018018	4.567557346
1.581981982	4.576271096
1.583783784	4.582960654
1.585585586	4.589650212
1.587387387	4.59633977
1.589189189	4.603029328
1.590990991	4.609718886
1.592792793	4.616408444
1.594594595	4.623091607
1.596396396	4.629767524
1.598198198	4.63644344
1.6	4.643119356
1.601801802	4.649795273
1.603603604	4.656471189
1.605405405	4.663147105
1.607207207	4.669830154
1.609009009	4.676519497
1.610810811	4.683208839
1.612612613	4.689898181
1.614414414	4.696587524
1.616216216	4.703276866
1.618018018	4.709966209
1.61981982	4.718611909
1.621621622	4.728596171
1.623423423	4.738580432
1.625225225	4.748564694
1.627027027	4.758548955
1.628828829	4.768533216
1.630630631	4.778517478
1.632432432	4.788471899
1.634234234	4.798410691
1.636036036	4.808349482
1.637837838	4.818288273
1.63963964	4.828227064
1.641441441	4.838165855
1.643243243	4.848104646
1.645045045	4.85562082
1.646846847	4.862189013
1.648648649	4.868757205
1.65045045	4.875325398
1.652252252	4.881893591
1.654054054	4.888461784
1.655855856	4.895029977
1.657657658	4.901561751
1.659459459	4.908083329
1.661261261	4.914604906
1.663063063	4.921126483
1.664864865	4.927648061
1.666666667	4.934169638
1.668468468	4.940691216
1.67027027	4.949839194
1.672072072	4.959473543
1.673873874	4.969107891
1.675675676	4.97874224
1.677477477	4.988376589
1.679279279	4.998010938
1.681081081	5.007645286
1.682882883	5.017182644
1.684684685	5.026709969
1.686486486	5.036237293
1.688288288	5.045764618
1.69009009	5.055291942
1.691891892	5.064819266
1.693693694	5.074346591
1.695495495	5.080683067
1.697297297	5.086916612
1.699099099	5.093150157
1.700900901	5.099383703
1.702702703	5.105617248
1.704504505	5.111850793
1.706306306	5.118174021
1.708108108	5.127277411
1.70990991	5.1363808
1.711711712	5.14548419
1.713513514	5.154587579
1.715315315	5.163690969
1.717117117	5.172794359
1.718918919	5.181879679
1.720720721	5.190790326
1.722522523	5.199700973
1.724324324	5.208611621
1.726126126	5.217522268
1.727927928	5.226432915
1.72972973	5.235343563
1.731531532	5.243755088
1.733333333	5.249471354
1.735135135	5.25518762
1.736936937	5.260903886
1.738738739	5.266620152
1.740540541	5.272336418
1.742342342	5.278052684
1.744144144	5.283730329
1.745945946	5.289270047
1.747747748	5.294809764
1.74954955	5.300349481
1.751351351	5.305889199
1.753153153	5.311428916
1.754954955	5.316968633
1.756756757	5.322452715
1.758558559	5.327794617
1.76036036	5.333136519
1.762162162	5.338478422
1.763963964	5.343820324
1.765765766	5.349162226
1.767567568	5.354504129
1.769369369	5.360599513
1.771171171	5.368133362
1.772972973	5.375667211
1.774774775	5.38320106
1.776576577	5.390734909
1.778378378	5.398268758
1.78018018	5.405802606
1.781981982	5.413185445
1.783783784	5.420347577
1.785585586	5.427509709
1.787387387	5.434671841
1.789189189	5.441833973
1.790990991	5.448996105
1.792792793	5.456158237
1.794594595	5.462005275
1.796396396	5.466361873
1.798198198	5.470718471
1.8	5.475075069
1.801801802	5.479431667
1.803603604	5.483788265
1.805405405	5.488144863
1.807207207	5.493329416
1.809009009	5.499244517
1.810810811	5.505159618
1.812612613	5.511074719
1.814414414	5.51698982
1.816216216	5.522904921
1.818018018	5.528820022
1.81981982	5.534491182
1.821621622	5.539995436
1.823423423	5.54549969
1.825225225	5.551003944
1.827027027	5.556508197
1.828828829	5.562012451
1.830630631	5.567516705
1.832432432	5.571585385
1.834234234	5.574902097
1.836036036	5.57821881
1.837837838	5.581535523
1.83963964	5.584852235
1.841441441	5.588168948
1.843243243	5.59148566
1.845045045	5.594623557
1.846846847	5.597691482
1.848648649	5.600759407
1.85045045	5.603827333
1.852252252	5.606895258
1.854054054	5.609963183
1.855855856	5.613031108
1.857657658	5.616867448
1.859459459	5.620918945
1.861261261	5.624970441
1.863063063	5.629021937
1.864864865	5.633073434
1.866666667	5.63712493
1.868468468	5.641176427
1.87027027	5.644995326
1.872072072	5.648771152
1.873873874	5.652546979
1.875675676	5.656322805
1.877477477	5.660098631
1.879279279	5.663874457
1.881081081	5.667650284
1.882882883	5.670056957
1.884684685	5.672321993
1.886486486	5.67458703
1.888288288	5.676852066
1.89009009	5.679117103
1.891891892	5.681382139
1.893693694	5.683647176
1.895495495	5.685828221
1.897297297	5.688006557
1.899099099	5.690184893
1.900900901	5.692363229
1.902702703	5.694541564
1.904504505	5.6967199
1.906306306	5.698895968
1.908108108	5.70100174
1.90990991	5.703107511
1.911711712	5.705213282
1.913513514	5.707319054
1.915315315	5.709424825
1.917117117	5.711530596
1.918918919	5.713906166
1.920720721	5.718889786
1.922522523	5.723873406
1.924324324	5.728857026
1.926126126	5.733840646
1.927927928	5.738824265
1.92972973	5.743807885
1.931531532	5.748791505
1.933333333	5.753775125
1.935135135	5.758758745
1.936936937	5.763742365
1.938738739	5.768725985
1.940540541	5.773709605
1.942342342	5.778693225
1.944144144	5.784270806
1.945945946	5.789905343
1.947747748	5.79553988
1.94954955	5.801174417
1.951351351	5.806808954
1.953153153	5.812443491
1.954954955	5.818078028
1.956756757	5.823712565
1.958558559	5.829347102
1.96036036	5.834981639
1.962162162	5.834685082
1.963963964	5.828603878
1.965765766	5.822522674
1.967567568	5.81644147
1.969369369	5.811457112
1.971171171	5.808566734
1.972972973	5.805676355
1.974774775	5.802785977
1.976576577	5.799895598
1.978378378	5.79700522
1.98018018	5.794114841
1.981981982	5.793023856
1.983783784	5.794562752
1.985585586	5.796101649
1.987387387	5.797640546
1.989189189	5.799179442
1.990990991	5.800718339
1.992792793	5.802257235
1.994594595	5.803615524
1.996396396	5.804769125
1.998198198	5.805922725
2	5.807076326
