0.2	0.112154608
0.2010005	0.112154608
0.202001001	0.112154608
0.203001501	0.112154608
0.204002001	0.112154608
0.205002501	0.112154608
0.206003002	0.112154608
0.207003502	0.112813329
0.208004002	0.11368798
0.209004502	0.11456263
0.210005003	0.115437281
0.211005503	0.116311931
0.212006003	0.117186581
0.213006503	0.118061232
0.214007004	0.118935882
0.215007504	0.119810533
0.216008004	0.120685183
0.217008504	0.121559833
0.218009005	0.122434484
0.219009505	0.123444463
0.220010005	0.124840866
0.221010505	0.126237268
0.222011006	0.12763367
0.223011506	0.129030073
0.224012006	0.130426475
0.225012506	0.131822877
0.226013007	0.133219279
0.227013507	0.134615682
0.228014007	0.136012084
0.229014507	0.137408486
0.230015008	0.138804888
0.231015508	0.140201291
0.232016008	0.14164003
0.233016508	0.14309173
0.234017009	0.14454343
0.235017509	0.14599513
0.236018009	0.147446829
0.237018509	0.148898529
0.23801901	0.150350229
0.23901951	0.151801929
0.24002001	0.153253629
0.24102051	0.154705329
0.242021011	0.156157028
0.243021511	0.157608728
0.244022011	0.158943582
0.245022511	0.159965504
0.246023012	0.160987426
0.247023512	0.162009348
0.248024012	0.16303127
0.249024512	0.164053192
0.250025013	0.165075114
0.251025513	0.166097036
0.252026013	0.167118958
0.253026513	0.16814088
0.254027014	0.169162802
0.255027514	0.170184724
0.256028014	0.171206646
0.257028514	0.172688003
0.258029015	0.174300364
0.259029515	0.175912725
0.260030015	0.177525086
0.261030515	0.179137447
0.262031016	0.180749807
0.263031516	0.182362168
0.264032016	0.183974529
0.265032516	0.18558689
0.266033017	0.187199251
0.267033517	0.188811612
0.268034017	0.190423973
0.269034517	0.192051176
0.270035018	0.193715729
0.271035518	0.195380282
0.272036018	0.197044836
0.273036518	0.198709389
0.274037019	0.200373942
0.275037519	0.202038495
0.276038019	0.203703049
0.277038519	0.205367602
0.27803902	0.207032155
0.27903952	0.208696708
0.28004002	0.210361262
0.28104052	0.212025815
0.282041021	0.213287945
0.283041521	0.214443504
0.284042021	0.215599063
0.285042521	0.216754622
0.286043022	0.217910181
0.287043522	0.21906574
0.288044022	0.220221299
0.289044522	0.221376858
0.290045023	0.222532417
0.291045523	0.223687976
0.292046023	0.224843535
0.293046523	0.225999094
0.294047024	0.227164068
0.295047524	0.228351337
0.296048024	0.229538606
0.297048524	0.230725876
0.298049025	0.231913145
0.299049525	0.233100415
0.300050025	0.234287684
0.301050525	0.235474953
0.302051026	0.236662223
0.303051526	0.237849492
0.304052026	0.239036761
0.305052526	0.240224031
0.306053027	0.2414113
0.307053527	0.242625033
0.308054027	0.243845253
0.309054527	0.245065473
0.310055028	0.246285693
0.311055528	0.247505913
0.312056028	0.248726133
0.313056528	0.249946352
0.314057029	0.251166572
0.315057529	0.252386792
0.316058029	0.253607012
0.317058529	0.254827232
0.31805903	0.256047452
0.31905953	0.257477637
0.32006003	0.259376532
0.32106053	0.261275428
0.322061031	0.263174323
0.323061531	0.265073218
0.324062031	0.266972114
0.325062531	0.268871009
0.326063032	0.270769904
0.327063532	0.2726688
0.328064032	0.274567695
0.329064532	0.27646659
0.330065033	0.278365486
0.331065533	0.280264381
0.332066033	0.282203225
0.333066533	0.284151099
0.334067034	0.286098974
0.335067534	0.288046848
0.336068034	0.289994723
0.337068534	0.291942597
0.338069035	0.293890472
0.339069535	0.295838346
0.340070035	0.29778622
0.341070535	0.299734095
0.342071036	0.301681969
0.343071536	0.303629844
0.344072036	0.305383664
0.345072536	0.306728653
0.346073037	0.308073641
0.347073537	0.30941863
0.348074037	0.310763619
0.349074537	0.312108607
0.350075038	0.313453596
0.351075538	0.314798584
0.352076038	0.316143573
0.353076538	0.317488562
0.354077039	0.31883355
0.355077539	0.320178539
0.356078039	0.321523528
0.357078539	0.323477539
0.35807904	0.325557952
0.35907954	0.327638364
0.36008004	0.329718777
0.36108054	0.331799189
0.362081041	0.333879602
0.363081541	0.335960014
0.364082041	0.338040427
0.365082541	0.34012084
0.366083042	0.342201252
0.367083542	0.344281665
0.368084042	0.346362077
0.369084542	0.348456235
0.370085043	0.350577755
0.371085543	0.352699274
0.372086043	0.354820794
0.373086543	0.356942313
0.374087044	0.359063833
0.375087544	0.361185352
0.376088044	0.363306872
0.377088544	0.365428392
0.378089045	0.367549911
0.379089545	0.369671431
0.380090045	0.37179295
0.381090545	0.37391447
0.382091046	0.375474496
0.383091546	0.376928068
0.384092046	0.378381639
0.385092546	0.379835211
0.386093047	0.381288783
0.387093547	0.382742355
0.388094047	0.384195927
0.389094547	0.385649498
0.390095048	0.38710307
0.391095548	0.388556642
0.392096048	0.390010214
0.393096548	0.391463786
0.394097049	0.392925046
0.395097549	0.394400782
0.396098049	0.395876518
0.397098549	0.397352254
0.39809905	0.398827991
0.39909955	0.400303727
0.40010005	0.401779463
0.40110055	0.403255199
0.402101051	0.404730935
0.403101551	0.406206672
0.404102051	0.407682408
0.405102551	0.409158144
0.406103052	0.41063388
0.407103552	0.412774085
0.408104052	0.415028686
0.409104552	0.417283287
0.410105053	0.419537888
0.411105553	0.421792488
0.412106053	0.424047089
0.413106553	0.42630169
0.414107054	0.428556291
0.415107554	0.430810892
0.416108054	0.433065492
0.417108554	0.435320093
0.418109055	0.437574694
0.419109555	0.439833903
0.420110055	0.442101326
0.421110555	0.44436875
0.422111056	0.446636173
0.423111556	0.448903596
0.424112056	0.45117102
0.425112556	0.453438443
0.426113057	0.455705866
0.427113557	0.45797329
0.428114057	0.460240713
0.429114557	0.462508136
0.430115058	0.46477556
0.431115558	0.467042983
0.432116058	0.46862436
0.433116558	0.470099239
0.434117059	0.471574118
0.435117559	0.473048997
0.436118059	0.474523875
0.437118559	0.475998754
0.43811906	0.477473633
0.43911956	0.478948512
0.44012006	0.480423391
0.44112056	0.481898269
0.442121061	0.483373148
0.443121561	0.484848027
0.444122061	0.486243375
0.445122561	0.487504389
0.446123062	0.488765403
0.447123562	0.490026418
0.448124062	0.491287432
0.449124562	0.492548446
0.450125063	0.493809461
0.451125563	0.495070475
0.452126063	0.496331489
0.453126563	0.497592504
0.454127064	0.498853518
0.455127564	0.500114532
0.456128064	0.501375547
0.457128564	0.502186524
0.458129065	0.502935042
0.459129565	0.503683559
0.460130065	0.504432076
0.461130565	0.505180594
0.462131066	0.505929111
0.463131566	0.506677628
0.464132066	0.507426146
0.465132566	0.508174663
0.466133067	0.508923181
0.467133567	0.509671698
0.468134067	0.510420215
0.469134567	0.510992238
0.470135068	0.511281584
0.471135568	0.511570929
0.472136068	0.511860274
0.473136568	0.51214962
0.474137069	0.512438965
0.475137569	0.512728311
0.476138069	0.513017656
0.477138569	0.513307001
0.47813907	0.513596347
0.47913957	0.513885692
0.48014007	0.514175037
0.48114057	0.514464383
0.482141071	0.514583798
0.483141571	0.514682344
0.484142071	0.51478089
0.485142571	0.514879436
0.486143072	0.514977982
0.487143572	0.515076528
0.488144072	0.515175074
0.489144572	0.51527362
0.490145073	0.515372166
0.491145573	0.515470713
0.492146073	0.515569259
0.493146573	0.515667805
0.494147074	0.515739469
0.495147574	0.51577028
0.496148074	0.515801091
0.497148574	0.515831902
0.498149075	0.515862713
0.499149575	0.515893525
0.500150075	0.515924336
0.501150575	0.515955147
0.502151076	0.515985958
0.503151576	0.51601677
0.504152076	0.516047581
0.505152576	0.516078392
0.506153077	0.516109203
0.507153577	0.516139653
0.508154077	0.516170063
0.509154577	0.516200474
0.510155078	0.516230885
0.511155578	0.516261295
0.512156078	0.516291706
0.513156578	0.516322116
0.514157079	0.516352527
0.515157579	0.516382938
0.516158079	0.516413348
0.517158579	0.516443759
0.51815908	0.516474169
0.51915958	0.516519306
0.52016008	0.516585689
0.52116058	0.516652072
0.522161081	0.516718455
0.523161581	0.516784839
0.524162081	0.516851222
0.525162581	0.516917605
0.526163082	0.516983988
0.527163582	0.517050371
0.528164082	0.517116754
0.529164582	0.517183137
0.530165083	0.51724952
0.531165583	0.517315903
0.532166083	0.517401774
0.533166583	0.517489442
0.534167084	0.517577109
0.535167584	0.517664776
0.536168084	0.517752443
0.537168584	0.51784011
0.538169085	0.517927777
0.539169585	0.518015444
0.540170085	0.518103111
0.541170585	0.518190778
0.542171086	0.518278445
0.543171586	0.518366112
0.544172086	0.51844467
0.545172586	0.518510745
0.546173087	0.518576821
0.547173587	0.518642896
0.548174087	0.518708971
0.549174587	0.518775047
0.550175088	0.518841122
0.551175588	0.518907197
0.552176088	0.518973273
0.553176588	0.519039348
0.554177089	0.519105423
0.555177589	0.519171498
0.556178089	0.519237574
0.557178589	0.519289593
0.55817909	0.519340524
0.55917959	0.519391455
0.56018009	0.519442386
0.56118059	0.519493317
0.562181091	0.519544248
0.563181591	0.519595179
0.564182091	0.519646111
0.565182591	0.519697042
0.566183092	0.519747973
0.567183592	0.519798904
0.568184092	0.519849835
0.569184592	0.519911704
0.570185093	0.519987815
0.571185593	0.520063927
0.572186093	0.520140039
0.573186593	0.520216151
0.574187094	0.520292262
0.575187594	0.520368374
0.576188094	0.520444486
0.577188594	0.520520597
0.578189095	0.520596709
0.579189595	0.520672821
0.580190095	0.520748933
0.581190595	0.520825044
0.582191096	0.520906598
0.583191596	0.520988496
0.584192096	0.521070394
0.585192596	0.521152291
0.586193097	0.521234189
0.587193597	0.521316087
0.588194097	0.521397984
0.589194597	0.521479882
0.590195098	0.52156178
0.591195598	0.521643677
0.592196098	0.521725575
0.593196598	0.521807473
0.594197099	0.521877434
0.595197599	0.521932621
0.596198099	0.521987808
0.597198599	0.522042994
0.5981991	0.522098181
0.5991996	0.522153368
0.6002001	0.522208555
0.6012006	0.522263742
0.602201101	0.522318929
0.603201601	0.522374116
0.604202101	0.522429303
0.605202601	0.52248449
0.606203102	0.522539676
0.607203602	0.522592851
0.608204102	0.522645927
0.609204602	0.522699002
0.610205103	0.522752078
0.611205603	0.522805153
0.612206103	0.522858229
0.613206603	0.522911305
0.614207104	0.52296438
0.615207604	0.523017456
0.616208104	0.523070531
0.617208604	0.523123607
0.618209105	0.523176683
0.619209605	0.523231808
0.620210105	0.523289345
0.621210605	0.523346883
0.622211106	0.52340442
0.623211606	0.523461957
0.624212106	0.523519495
0.625212606	0.523577032
0.626213107	0.523634569
0.627213607	0.523692107
0.628214107	0.523749644
0.629214607	0.523807181
0.630215108	0.523864719
0.631215608	0.523922256
0.632216108	0.523966232
0.633216608	0.524009724
0.634217109	0.524053217
0.635217609	0.52409671
0.636218109	0.524140202
0.637218609	0.524183695
0.63821911	0.524227188
0.63921961	0.52427068
0.64022011	0.524314173
0.64122061	0.524357666
0.642221111	0.524401158
0.643221611	0.524444651
0.644222111	0.524478029
0.645222611	0.524500085
0.646223112	0.524522142
0.647223612	0.524544198
0.648224112	0.524566255
0.649224612	0.524588311
0.650225113	0.524610368
0.651225613	0.524632425
0.652226113	0.524654481
0.653226613	0.524676538
0.654227114	0.524698594
0.655227614	0.524720651
0.656228114	0.524742708
0.657228614	0.524775984
0.658229115	0.524809511
0.659229615	0.524843038
0.660230115	0.524876565
0.661230615	0.524910092
0.662231116	0.524943619
0.663231616	0.524977146
0.664232116	0.525010673
0.665232616	0.5250442
0.666233117	0.525077727
0.667233617	0.525111254
0.668234117	0.525144781
0.669234617	0.525177294
0.670235118	0.525208727
0.671235618	0.525240161
0.672236118	0.525271594
0.673236618	0.525303028
0.674237119	0.525334461
0.675237619	0.525365895
0.676238119	0.525397328
0.677238619	0.525428762
0.67823912	0.525460195
0.67923962	0.525491629
0.68024012	0.525523063
0.68124062	0.525554496
0.682241121	0.525566043
0.683241621	0.525577402
0.684242121	0.525588761
0.685242621	0.52560012
0.686243122	0.525611479
0.687243622	0.525622838
0.688244122	0.525634197
0.689244622	0.525645555
0.690245123	0.525656914
0.691245623	0.525668273
0.692246123	0.525679632
0.693246623	0.525690991
0.694247124	0.525698508
0.695247624	0.525702133
0.696248124	0.525705759
0.697248624	0.525709385
0.698249125	0.52571301
0.699249625	0.525716636
0.700250125	0.525720262
0.701250625	0.525723887
0.702251126	0.525727513
0.703251626	0.525731139
0.704252126	0.525734764
0.705252626	0.52573839
0.706253127	0.525741997
0.707253627	0.525739676
0.708254127	0.525737355
0.709254627	0.525735034
0.710255128	0.525732713
0.711255628	0.525730392
0.712256128	0.52572807
0.713256628	0.525725749
0.714257129	0.525723428
0.715257629	0.525721107
0.716258129	0.525718786
0.717258629	0.525716465
0.71825913	0.525714144
0.71925963	0.525710758
0.72026013	0.525706347
0.72126063	0.525701936
0.722261131	0.525697526
0.723261631	0.525693115
0.724262131	0.525688704
0.725262631	0.525684293
0.726263132	0.525679882
0.727263632	0.525675471
0.728264132	0.52567106
0.729264632	0.525666649
0.730265133	0.525662239
0.731265633	0.525657654
0.732266133	0.525642107
0.733266633	0.52562656
0.734267134	0.525611014
0.735267634	0.525595467
0.736268134	0.52557992
0.737268634	0.525564373
0.738269135	0.525548827
0.739269635	0.52553328
0.740270135	0.525517733
0.741270635	0.525502187
0.742271136	0.52548664
0.743271636	0.525471093
0.744272136	0.525453139
0.745272636	0.52543298
0.746273137	0.525412821
0.747273637	0.525392662
0.748274137	0.525372502
0.749274637	0.525352343
0.750275138	0.525332184
0.751275638	0.525312025
0.752276138	0.525291865
0.753276638	0.525271706
0.754277139	0.525251547
0.755277639	0.525231388
0.756278139	0.525211441
0.757278639	0.525198823
0.75827914	0.525186205
0.75927964	0.525173587
0.76028014	0.52516097
0.76128064	0.525148352
0.762281141	0.525135734
0.763281641	0.525123117
0.764282141	0.525110499
0.765282641	0.525097881
0.766283142	0.525085264
0.767283642	0.525072646
0.768284142	0.525060028
0.769284642	0.52504195
0.770285143	0.525019114
0.771285643	0.524996278
0.772286143	0.524973442
0.773286643	0.524950607
0.774287144	0.524927771
0.775287644	0.524904935
0.776288144	0.524882099
0.777288644	0.524859263
0.778289145	0.524836427
0.779289645	0.524813591
0.780290145	0.524790755
0.781290645	0.524767559
0.782291146	0.524735868
0.783291646	0.524704176
0.784292146	0.524672485
0.785292646	0.524640793
0.786293147	0.524609102
0.787293647	0.52457741
0.788294147	0.524545719
0.789294647	0.524514027
0.790295148	0.524482336
0.791295648	0.524450644
0.792296148	0.524418953
0.793296648	0.524387261
0.794297149	0.52435886
0.795297649	0.524333186
0.796298149	0.524307512
0.797298649	0.524281838
0.79829915	0.524256164
0.79929965	0.52423049
0.80030015	0.524204816
0.80130065	0.524179141
0.802301151	0.524153467
0.803301651	0.524127793
0.804302151	0.524102119
0.805302651	0.524076445
0.806303152	0.524051041
0.807303652	0.524030452
0.808304152	0.524009864
0.809304652	0.523989275
0.810305153	0.523968687
0.811305653	0.523948098
0.812306153	0.52392751
0.813306653	0.523906921
0.814307154	0.523886333
0.815307654	0.523865745
0.816308154	0.523845156
0.817308654	0.523824568
0.818309155	0.523803979
0.819309655	0.523776297
0.820310155	0.523743027
0.821310655	0.523709756
0.822311156	0.523676486
0.823311656	0.523643216
0.824312156	0.523609946
0.825312656	0.523576676
0.826313157	0.523543406
0.827313657	0.523510136
0.828314157	0.523476866
0.829314657	0.523443595
0.830315158	0.523410325
0.831315658	0.523376949
0.832316158	0.523342066
0.833316658	0.523307183
0.834317159	0.523272299
0.835317659	0.523237416
0.836318159	0.523202533
0.837318659	0.52316765
0.83831916	0.523132766
0.83931966	0.523097883
0.84032016	0.523063
0.84132066	0.523028116
0.842321161	0.522993233
0.843321661	0.52295835
0.844322161	0.522929112
0.845322661	0.5229041
0.846323162	0.522879088
0.847323662	0.522854076
0.848324162	0.522829064
0.849324662	0.522804052
0.850325163	0.52277904
0.851325663	0.522754028
0.852326163	0.522729016
0.853326663	0.522704004
0.854327164	0.522678992
0.855327664	0.52265398
0.856328164	0.522627586
0.857328664	0.522584888
0.858329165	0.52254219
0.859329665	0.522499492
0.860330165	0.522456794
0.861330665	0.522414096
0.862331166	0.522371398
0.863331666	0.5223287
0.864332166	0.522286002
0.865332666	0.522243304
0.866333167	0.522200606
0.867333667	0.522157908
0.868334167	0.52211521
0.869334667	0.522070118
0.870335168	0.522023322
0.871335668	0.521976526
0.872336168	0.52192973
0.873336668	0.521882934
0.874337169	0.521836138
0.875337669	0.521789342
0.876338169	0.521742546
0.877338669	0.52169575
0.87833917	0.521648954
0.87933967	0.521602158
0.88034017	0.521555362
0.88134067	0.521510005
0.882341171	0.521479082
0.883341671	0.521448158
0.884342171	0.521417235
0.885342671	0.521386312
0.886343172	0.521355388
0.887343672	0.521324465
0.888344172	0.521293542
0.889344672	0.521262618
0.890345173	0.521231695
0.891345673	0.521200772
0.892346173	0.521169848
0.893346673	0.521138925
0.894347174	0.521109484
0.895347674	0.521081044
0.896348174	0.521052604
0.897348674	0.521024164
0.898349175	0.520995723
0.899349675	0.520967283
0.900350175	0.520938843
0.901350675	0.520910403
0.902351176	0.520881963
0.903351676	0.520853523
0.904352176	0.520825083
0.905352676	0.520796643
0.906353177	0.520766249
0.907353677	0.520718862
0.908354177	0.520671476
0.909354677	0.520624089
0.910355178	0.520576703
0.911355678	0.520529317
0.912356178	0.52048193
0.913356678	0.520434544
0.914357179	0.520387157
0.915357679	0.520339771
0.916358179	0.520292385
0.917358679	0.520244998
0.91835918	0.520197612
0.91935968	0.520150936
0.92036018	0.520104716
0.92136068	0.520058496
0.922361181	0.520012275
0.923361681	0.519966055
0.924362181	0.519919835
0.925362681	0.519873615
0.926363182	0.519827394
0.927363682	0.519781174
0.928364182	0.519734954
0.929364682	0.519688734
0.930365183	0.519642513
0.931365683	0.519598644
0.932366183	0.519572757
0.933366683	0.519546869
0.934367184	0.519520982
0.935367684	0.519495095
0.936368184	0.519469207
0.937368684	0.51944332
0.938369185	0.519417433
0.939369685	0.519391545
0.940370185	0.519365658
0.941370685	0.519339771
0.942371186	0.519313883
0.943371686	0.519287996
0.944372186	0.519281736
0.945372686	0.51928741
0.946373187	0.519293085
0.947373687	0.519298759
0.948374187	0.519304433
0.949374687	0.519310108
0.950375188	0.519315782
0.951375688	0.519321456
0.952376188	0.519327131
0.953376688	0.519332805
0.954377189	0.519338479
0.955377689	0.519344154
0.956378189	0.51938291
0.957378689	0.519646787
0.95837919	0.519910664
0.95937969	0.520174541
0.96038019	0.520438418
0.96138069	0.520702295
0.962381191	0.520966172
0.963381691	0.521230049
0.964382191	0.521493926
0.965382691	0.521757803
0.966383192	0.52202168
0.967383692	0.522285557
0.968384192	0.522549434
0.969384692	0.522582628
0.970385193	0.522482866
0.971385693	0.522383104
0.972386193	0.522283342
0.973386693	0.522183581
0.974387194	0.522083819
0.975387694	0.521984057
0.976388194	0.521884295
0.977388694	0.521784533
0.978389195	0.521684771
0.979389695	0.52158501
0.980390195	0.521485248
0.981390695	0.521347469
0.982391196	0.520977364
0.983391696	0.52060726
0.984392196	0.520237155
0.985392696	0.51986705
0.986393197	0.519496946
0.987393697	0.519126841
0.988394197	0.518756736
0.989394697	0.518386632
0.990395198	0.518016527
0.991395698	0.517646423
0.992396198	0.517276318
0.993396698	0.516906213
0.994397199	0.516743166
0.995397699	0.516693151
0.996398199	0.516643136
0.997398699	0.516593121
0.9983992	0.516543106
0.9993997	0.516493091
1.0004002	0.516443076
1.0014007	0.516393061
1.002401201	0.516343045
1.003401701	0.51629303
1.004402201	0.516243015
1.005402701	0.516193
1.006403202	0.516141179
1.007403702	0.51607937
1.008404202	0.516017562
1.009404702	0.515955753
1.010405203	0.515893944
1.011405703	0.515832135
1.012406203	0.515770327
1.013406703	0.515708518
1.014407204	0.515646709
1.015407704	0.5155849
1.016408204	0.515523091
1.017408704	0.515461283
1.018409205	0.515399474
1.019409705	0.515319459
1.020410205	0.515230039
1.021410705	0.51514062
1.022411206	0.5150512
1.023411706	0.51496178
1.024412206	0.51487236
1.025412706	0.514782941
1.026413207	0.514693521
1.027413707	0.514604101
1.028414207	0.514514682
1.029414707	0.514425262
1.030415208	0.514335842
1.031415708	0.514248645
1.032416208	0.514172644
1.033416708	0.514096644
1.034417209	0.514020643
1.035417709	0.513944643
1.036418209	0.513868642
1.037418709	0.513792642
1.03841921	0.513716641
1.03941971	0.513640641
1.04042021	0.513564641
1.04142071	0.51348864
1.042421211	0.51341264
1.043421711	0.513336639
1.044422211	0.513280649
1.045422711	0.513234431
1.046423212	0.513188214
1.047423712	0.513141996
1.048424212	0.513095778
1.049424712	0.513049561
1.050425213	0.513003343
1.051425713	0.512957125
1.052426213	0.512910908
1.053426713	0.51286469
1.054427214	0.512818472
1.055427714	0.512772255
1.056428214	0.512722121
1.057428714	0.512653922
1.058429215	0.512585723
1.059429715	0.512517524
1.060430215	0.512449325
1.061430715	0.512381126
1.062431216	0.512312927
1.063431716	0.512244727
1.064432216	0.512176528
1.065432716	0.512108329
1.066433217	0.51204013
1.067433717	0.511971931
1.068434217	0.511903732
1.069434717	0.511836398
1.070435218	0.511769462
1.071435718	0.511702527
1.072436218	0.511635592
1.073436718	0.511568657
1.074437219	0.511501722
1.075437719	0.511434786
1.076438219	0.511367851
1.077438719	0.511300916
1.07843922	0.511233981
1.07943972	0.511167046
1.08044022	0.51110011
1.08144072	0.51103777
1.082441221	0.510994941
1.083441721	0.510952111
1.084442221	0.510909282
1.085442721	0.510866452
1.086443222	0.510823623
1.087443722	0.510780793
1.088444222	0.510737964
1.089444722	0.510695134
1.090445223	0.510652304
1.091445723	0.510609475
1.092446223	0.510566645
1.093446723	0.510523816
1.094447224	0.510476476
1.095447724	0.510427174
1.096448224	0.510377872
1.097448724	0.51032857
1.098449225	0.510279268
1.099449725	0.510229966
1.100450225	0.510180664
1.101450725	0.510131362
1.102451226	0.51008206
1.103451726	0.510032758
1.104452226	0.509983456
1.105452726	0.509934154
1.106453227	0.509885156
1.107453727	0.509837353
1.108454227	0.50978955
1.109454727	0.509741746
1.110455228	0.509693943
1.111455728	0.509646139
1.112456228	0.509598336
1.113456728	0.509550532
1.114457229	0.509502729
1.115457729	0.509454925
1.116458229	0.509407122
1.117458729	0.509359319
1.11845923	0.509311515
1.11945973	0.509258715
1.12046023	0.509203867
1.12146073	0.509149019
1.122461231	0.509094171
1.123461731	0.509039323
1.124462231	0.508984475
1.125462731	0.508929628
1.126463232	0.50887478
1.127463732	0.508819932
1.128464232	0.508765084
1.129464732	0.508710236
1.130465233	0.508655389
1.131465733	0.508600133
1.132466233	0.508543394
1.133466733	0.508486655
1.134467234	0.508429916
1.135467734	0.508373177
1.136468234	0.508316438
1.137468734	0.508259699
1.138469235	0.50820296
1.139469735	0.508146221
1.140470235	0.508089482
1.141470735	0.508032743
1.142471236	0.507976004
1.143471736	0.507919266
1.144472236	0.507878551
1.145472736	0.50784401
1.146473237	0.507809469
1.147473737	0.507774929
1.148474237	0.507740388
1.149474737	0.507705847
1.150475238	0.507671306
1.151475738	0.507636766
1.152476238	0.507602225
1.153476738	0.507567684
1.154477239	0.507533143
1.155477739	0.507498603
1.156478239	0.507466174
1.157478739	0.507440893
1.15847924	0.507415612
1.15947974	0.50739033
1.16048024	0.507365049
1.16148074	0.507339768
1.162481241	0.507314487
1.163481741	0.507289206
1.164482241	0.507263924
1.165482741	0.507238643
1.166483242	0.507213362
1.167483742	0.507188081
1.168484242	0.5071628
1.169484742	0.507128643
1.170485243	0.507091276
1.171485743	0.507053909
1.172486243	0.507016541
1.173486743	0.506979174
1.174487244	0.506941807
1.175487744	0.50690444
1.176488244	0.506867073
1.177488744	0.506829706
1.178489245	0.506792339
1.179489745	0.506754972
1.180490245	0.506717604
1.181490745	0.506681705
1.182491246	0.506650437
1.183491746	0.50661917
1.184492246	0.506587902
1.185492746	0.506556634
1.186493247	0.506525366
1.187493747	0.506494099
1.188494247	0.506462831
1.189494747	0.506431563
1.190495248	0.506400295
1.191495748	0.506369028
1.192496248	0.50633776
1.193496748	0.506306492
1.194497249	0.506291232
1.195497749	0.506281396
1.196498249	0.506271561
1.197498749	0.506261725
1.19849925	0.506251889
1.19949975	0.506242054
1.20050025	0.506232218
1.20150075	0.506222383
1.202501251	0.506212547
1.203501751	0.506202712
1.204502251	0.506192876
1.205502751	0.506183041
1.206503252	0.506174684
1.207503752	0.506170693
1.208504252	0.506166702
1.209504752	0.506162711
1.210505253	0.506158719
1.211505753	0.506154728
1.212506253	0.506150737
1.213506753	0.506146745
1.214507254	0.506142754
1.215507754	0.506138763
1.216508254	0.506134771
1.217508754	0.50613078
1.218509255	0.506126789
1.219509755	0.506128962
1.220510255	0.506133089
1.221510755	0.506137216
1.222511256	0.506141343
1.223511756	0.50614547
1.224512256	0.506149597
1.225512756	0.506153724
1.226513257	0.506157851
1.227513757	0.506161978
1.228514257	0.506166105
1.229514757	0.506170232
1.230515258	0.506174359
1.231515758	0.50617967
1.232516258	0.506188254
1.233516758	0.506196838
1.234517259	0.506205422
1.235517759	0.506214006
1.236518259	0.50622259
1.237518759	0.506231174
1.23851926	0.506239758
1.23951976	0.506248342
1.24052026	0.506256926
1.24152076	0.506265509
1.242521261	0.506274093
1.243521761	0.506282677
1.244522261	0.506296583
1.245522761	0.506312062
1.246523262	0.506327541
1.247523762	0.50634302
1.248524262	0.506358499
1.249524762	0.506373978
1.250525263	0.506389457
1.251525763	0.506404936
1.252526263	0.506420415
1.253526763	0.506435894
1.254527264	0.506451373
1.255527764	0.506466852
1.256528264	0.506484447
1.257528764	0.506507535
1.258529265	0.506530623
1.259529765	0.50655371
1.260530265	0.506576798
1.261530765	0.506599886
1.262531266	0.506622973
1.263531766	0.506646061
1.264532266	0.506669149
1.265532766	0.506692237
1.266533267	0.506715324
1.267533767	0.506738412
1.268534267	0.5067615
1.269534767	0.506801047
1.270535268	0.506845119
1.271535768	0.506889191
1.272536268	0.506933263
1.273536768	0.506977335
1.274537269	0.507021407
1.275537769	0.507065479
1.276538269	0.507109551
1.277538769	0.507153623
1.27853927	0.507197695
1.27953977	0.507241766
1.28054027	0.507285838
1.28154077	0.507333762
1.282541271	0.507391086
1.283541771	0.50744841
1.284542271	0.507505735
1.285542771	0.507563059
1.286543272	0.507620383
1.287543772	0.507677707
1.288544272	0.507735032
1.289544772	0.507792356
1.290545273	0.50784968
1.291545773	0.507907004
1.292546273	0.507964329
1.293546773	0.508021653
1.294547274	0.508070931
1.295547774	0.508118159
1.296548274	0.508165386
1.297548774	0.508212614
1.298549275	0.508259841
1.299549775	0.508307069
1.300550275	0.508354297
1.301550775	0.508401524
1.302551276	0.508448752
1.303551776	0.508495979
1.304552276	0.508543207
1.305552776	0.508590434
1.306553277	0.508646543
1.307553777	0.508723069
1.308554277	0.508799594
1.309554777	0.50887612
1.310555278	0.508952646
1.311555778	0.509029172
1.312556278	0.509105698
1.313556778	0.509182224
1.314557279	0.509258749
1.315557779	0.509335275
1.316558279	0.509411801
1.317558779	0.509488327
1.31855928	0.509564853
1.31955978	0.509654739
1.32056028	0.509747772
1.32156078	0.509840804
1.322561281	0.509933837
1.323561781	0.51002687
1.324562281	0.510119903
1.325562781	0.510212935
1.326563282	0.510305968
1.327563782	0.510399001
1.328564282	0.510492034
1.329564782	0.510585067
1.330565283	0.510678099
1.331565783	0.510774906
1.332566283	0.510879894
1.333566783	0.510984882
1.334567284	0.51108987
1.335567784	0.511194859
1.336568284	0.511299847
1.337568784	0.511404835
1.338569285	0.511509824
1.339569785	0.511614812
1.340570285	0.5117198
1.341570785	0.511824788
1.342571286	0.511929777
1.343571786	0.512034765
1.344572286	0.512222762
1.345572786	0.512428751
1.346573287	0.512634739
1.347573787	0.512840727
1.348574287	0.513046715
1.349574787	0.513252703
1.350575288	0.513458691
1.351575788	0.513664679
1.352576288	0.513870667
1.353576788	0.514076655
1.354577289	0.514282643
1.355577789	0.514488631
1.356578289	0.514663753
1.357578789	0.514775674
1.35857929	0.514887595
1.35957979	0.514999515
1.36058029	0.515111436
1.36158079	0.515223357
1.362581291	0.515335278
1.363581791	0.515447198
1.364582291	0.515559119
1.365582791	0.51567104
1.366583292	0.51578296
1.367583792	0.515894881
1.368584292	0.516006802
1.369584792	0.516118723
1.370585293	0.516230643
1.371585793	0.516342564
1.372586293	0.516454485
1.373586793	0.516566405
1.374587294	0.516678326
1.375587794	0.516790247
1.376588294	0.516902168
1.377588794	0.517014088
1.378589295	0.517126009
1.379589795	0.51723793
1.380590295	0.51734985
1.381590795	0.517441513
1.382591296	0.517493961
1.383591796	0.517546408
1.384592296	0.517598855
1.385592796	0.517651303
1.386593297	0.51770375
1.387593797	0.517756198
1.388594297	0.517808645
1.389594797	0.517861093
1.390595298	0.51791354
1.391595798	0.517965988
1.392596298	0.518018435
1.393596798	0.518070883
1.394597299	0.51812333
1.395597799	0.518175778
1.396598299	0.518228225
1.397598799	0.518280673
1.3985993	0.51833312
1.3995998	0.518385567
1.4006003	0.518438015
1.4016008	0.518490462
1.402601301	0.51854291
1.403601801	0.518595357
1.404602301	0.518647805
1.405602801	0.518700252
1.406603302	0.51875718
1.407603802	0.518822314
1.408604302	0.518887449
1.409604802	0.518952584
1.410605303	0.519017718
1.411605803	0.519082853
1.412606303	0.519147987
1.413606803	0.519213122
1.414607304	0.519278256
1.415607804	0.519343391
1.416608304	0.519408526
1.417608804	0.51947366
1.418609305	0.519538795
1.419609805	0.519677192
1.420610305	0.519827578
1.421610805	0.519977964
1.422611306	0.520128351
1.423611806	0.520278737
1.424612306	0.520429123
1.425612806	0.520579509
1.426613307	0.520729895
1.427613807	0.520880281
1.428614307	0.521030667
1.429614807	0.521181053
1.430615308	0.521331439
1.431615808	0.521485266
1.432616308	0.521645065
1.433616808	0.521804863
1.434617309	0.521964661
1.435617809	0.52212446
1.436618309	0.522284258
1.437618809	0.522444056
1.43861931	0.522603855
1.43961981	0.522763653
1.44062031	0.522923451
1.44162081	0.52308325
1.442621311	0.523243048
1.443621811	0.523402846
1.444622311	0.52352741
1.445622811	0.523646796
1.446623312	0.523766182
1.447623812	0.523885568
1.448624312	0.524004954
1.449624812	0.52412434
1.450625313	0.524243726
1.451625813	0.524363112
1.452626313	0.524482498
1.453626813	0.524601884
1.454627314	0.524721269
1.455627814	0.524840655
1.456628314	0.524992819
1.457628814	0.525198889
1.458629315	0.52540496
1.459629815	0.52561103
1.460630315	0.525817101
1.461630815	0.526023171
1.462631316	0.526229242
1.463631816	0.526435312
1.464632316	0.526641383
1.465632816	0.526847453
1.466633317	0.527053524
1.467633817	0.527259594
1.468634317	0.527465665
1.469634817	0.527678489
1.470635318	0.527892196
1.471635818	0.528105904
1.472636318	0.528319611
1.473636818	0.528533318
1.474637319	0.528747026
1.475637819	0.528960733
1.476638319	0.52917444
1.477638819	0.529388147
1.47863932	0.529601855
1.47963982	0.529815562
1.48064032	0.530029269
1.48164082	0.530217396
1.482641321	0.530365616
1.483641821	0.530513836
1.484642321	0.530662057
1.485642821	0.530810277
1.486643322	0.530958498
1.487643822	0.531106718
1.488644322	0.531254938
1.489644822	0.531403159
1.490645323	0.531551379
1.491645823	0.5316996
1.492646323	0.53184782
1.493646823	0.53199604
1.494647324	0.532151323
1.495647824	0.532307417
1.496648324	0.532463511
1.497648824	0.532619606
1.498649325	0.5327757
1.499649825	0.532931794
1.500650325	0.533087889
1.501650825	0.533243983
1.502651326	0.533400077
1.503651826	0.533556172
1.504652326	0.533712266
1.505652826	0.53386836
1.506653327	0.534027012
1.507653827	0.534189449
1.508654327	0.534351887
1.509654827	0.534514325
1.510655328	0.534676763
1.511655828	0.534839201
1.512656328	0.535001638
1.513656828	0.535164076
1.514657329	0.535326514
1.515657829	0.535488952
1.516658329	0.535651389
1.517658829	0.535813827
1.51865933	0.535976265
1.51965983	0.536218229
1.52066033	0.536468118
1.52166083	0.536718008
1.522661331	0.536967897
1.523661831	0.537217787
1.524662331	0.537467676
1.525662831	0.537717566
1.526663332	0.537967455
1.527663832	0.538217344
1.528664332	0.538467234
1.529664832	0.538717123
1.530665333	0.538967013
1.531665833	0.539218411
1.532666333	0.539471932
1.533666833	0.539725452
1.534667334	0.539978973
1.535667834	0.540232494
1.536668334	0.540486014
1.537668834	0.540739535
1.538669335	0.540993055
1.539669835	0.541246576
1.540670335	0.541500097
1.541670835	0.541753617
1.542671336	0.542007138
1.543671836	0.542260658
1.544672336	0.542442259
1.545672836	0.542617764
1.546673337	0.54279327
1.547673837	0.542968775
1.548674337	0.543144281
1.549674837	0.543319786
1.550675338	0.543495292
1.551675838	0.543670797
1.552676338	0.543846302
1.553676838	0.544021808
1.554677339	0.544197313
1.555677839	0.544372819
1.556678339	0.544589843
1.557678839	0.544862326
1.55867934	0.545134809
1.55967984	0.545407292
1.56068034	0.545679775
1.56168084	0.545952259
1.562681341	0.546224742
1.563681841	0.546497225
1.564682341	0.546769708
1.565682841	0.547042191
1.566683342	0.547314674
1.567683842	0.547587157
1.568684342	0.547859641
1.569684842	0.548134528
1.570685343	0.548409584
1.571685843	0.548684641
1.572686343	0.548959697
1.573686843	0.549234753
1.574687344	0.54950981
1.575687844	0.549784866
1.576688344	0.550059922
1.577688844	0.550334979
1.578689345	0.550610035
1.579689845	0.550885091
1.580690345	0.551160148
1.581690845	0.551390962
1.582691346	0.551565612
1.583691846	0.551740262
1.584692346	0.551914912
1.585692846	0.552089562
1.586693347	0.552264212
1.587693847	0.552438861
1.588694347	0.552613511
1.589694847	0.552788161
1.590695348	0.552962811
1.591695848	0.553137461
1.592696348	0.553312111
1.593696848	0.553486761
1.594697349	0.553663495
1.595697849	0.553840347
1.596698349	0.554017199
1.597698849	0.554194051
1.59869935	0.554370903
1.59969985	0.554547754
1.60070035	0.554724606
1.60170085	0.554901458
1.602701351	0.55507831
1.603701851	0.555255162
1.604702351	0.555432014
1.605702851	0.555608865
1.606703352	0.55579231
1.607703852	0.55598371
1.608704352	0.55617511
1.609704852	0.55636651
1.610705353	0.556557911
1.611705853	0.556749311
1.612706353	0.556940711
1.613706853	0.557132111
1.614707354	0.557323512
1.615707854	0.557514912
1.616708354	0.557706312
1.617708854	0.557897712
1.618709355	0.558089113
1.619709855	0.558376087
1.620710355	0.558667109
1.621710855	0.558958131
1.622711356	0.559249153
1.623711856	0.559540174
1.624712356	0.559831196
1.625712856	0.560122218
1.626713357	0.56041324
1.627713857	0.560704261
1.628714357	0.560995283
1.629714857	0.561286305
1.630715358	0.561577327
1.631715858	0.561868404
1.632716358	0.562159543
1.633716858	0.562450683
1.634717359	0.562741823
1.635717859	0.563032963
1.636718359	0.563324103
1.637718859	0.563615243
1.63871936	0.563906383
1.63971986	0.564197522
1.64072036	0.564488662
1.64172086	0.564779802
1.642721361	0.565070942
1.643721861	0.565362082
1.644722361	0.565562208
1.645722861	0.565759701
1.646723362	0.565957193
1.647723862	0.566154686
1.648724362	0.566352178
1.649724862	0.566549671
1.650725363	0.566747163
1.651725863	0.566944656
1.652726363	0.567142148
1.653726863	0.567339641
1.654727364	0.567537133
1.655727864	0.567734626
1.656728364	0.567933673
1.657728864	0.568134418
1.658729365	0.568335162
1.659729865	0.568535907
1.660730365	0.568736652
1.661730865	0.568937396
1.662731366	0.569138141
1.663731866	0.569338886
1.664732366	0.56953963
1.665732866	0.569740375
1.666733367	0.569941119
1.667733867	0.570141864
1.668734367	0.570342609
1.669734867	0.570641335
1.670735368	0.570941616
1.671735868	0.571241898
1.672736368	0.571542179
1.673736868	0.571842461
1.674737369	0.572142742
1.675737869	0.572443024
1.676738369	0.572743305
1.677738869	0.573043587
1.67873937	0.573343868
1.67973987	0.573644149
1.68074037	0.573944431
1.68174087	0.574245133
1.682741371	0.57454627
1.683741871	0.574847408
1.684742371	0.575148546
1.685742871	0.575449684
1.686743372	0.575750822
1.687743872	0.57605196
1.688744372	0.576353098
1.689744872	0.576654235
1.690745373	0.576955373
1.691745873	0.577256511
1.692746373	0.577557649
1.693746873	0.577858787
1.694747374	0.578059933
1.695747874	0.578260766
1.696748374	0.578461599
1.697748874	0.578662431
1.698749375	0.578863264
1.699749875	0.579064097
1.700750375	0.579264929
1.701750875	0.579465762
1.702751376	0.579666595
1.703751876	0.579867428
1.704752376	0.58006826
1.705752876	0.580269093
1.706753377	0.580520536
1.707753877	0.58082196
1.708754377	0.581123384
1.709754877	0.581424808
1.710755378	0.581726232
1.711755878	0.582027656
1.712756378	0.58232908
1.713756878	0.582630504
1.714757379	0.582931928
1.715757879	0.583233352
1.716758379	0.583534776
1.717758879	0.5838362
1.71875938	0.584137623
1.71975988	0.584438912
1.72076038	0.584740202
1.72176088	0.585041491
1.722761381	0.58534278
1.723761881	0.58564407
1.724762381	0.585945359
1.725762881	0.586246648
1.726763382	0.586547938
1.727763882	0.586849227
1.728764382	0.587150516
1.729764882	0.587451806
1.730765383	0.587753095
1.731765883	0.588001415
1.732766383	0.588199977
1.733766883	0.588398539
1.734767384	0.5885971
1.735767884	0.588795662
1.736768384	0.588994224
1.737768884	0.589192785
1.738769385	0.589391347
1.739769885	0.589589909
1.740770385	0.589788471
1.741770885	0.589987032
1.742771386	0.590185594
1.743771886	0.590384188
1.744772386	0.590584238
1.745772886	0.590784288
1.746773387	0.590984339
1.747773887	0.591184389
1.748774387	0.591384439
1.749774887	0.591584489
1.750775388	0.591784539
1.751775888	0.591984589
1.752776388	0.592184639
1.753776888	0.59238469
1.754777389	0.59258474
1.755777889	0.59278479
1.756778389	0.59298556
1.757778889	0.593186975
1.75877939	0.593388389
1.75977989	0.593589803
1.76078039	0.593791217
1.76178089	0.593992631
1.762781391	0.594194046
1.763781891	0.59439546
1.764782391	0.594596874
1.765782891	0.594798288
1.766783392	0.594999703
1.767783892	0.595201117
1.768784392	0.595406314
1.769784892	0.595717776
1.770785393	0.596029238
1.771785893	0.5963407
1.772786393	0.596652162
1.773786893	0.596963625
1.774787394	0.597275087
1.775787894	0.597586549
1.776788394	0.597898011
1.777788894	0.598209473
1.778789395	0.598520935
1.779789895	0.598832397
1.780790395	0.599143859
1.781790895	0.599454544
1.782791396	0.599764567
1.783791896	0.60007459
1.784792396	0.600384614
1.785792896	0.600694637
1.786793397	0.60100466
1.787793897	0.601314684
1.788794397	0.601624707
1.789794897	0.60193473
1.790795398	0.602244754
1.791795898	0.602554777
1.792796398	0.6028648
1.793796898	0.603169468
1.794797399	0.603365238
1.795797899	0.603561009
1.796798399	0.603756779
1.797798899	0.603952549
1.7987994	0.604148319
1.7997999	0.604344089
1.8008004	0.60453986
1.8018009	0.60473563
1.802801401	0.6049314
1.803801901	0.60512717
1.804802401	0.60532294
1.805802901	0.605518711
1.806803402	0.605767275
1.807803902	0.606058492
1.808804402	0.606349709
1.809804902	0.606640925
1.810805403	0.606932142
1.811805903	0.607223359
1.812806403	0.607514576
1.813806903	0.607805793
1.814807404	0.60809701
1.815807904	0.608388227
1.816808404	0.608679444
1.817808904	0.60897066
1.818809405	0.609261766
1.819809905	0.609551116
1.820810405	0.609840466
1.821810905	0.610129816
1.822811406	0.610419166
1.823811906	0.610708515
1.824812406	0.610997865
1.825812906	0.611287215
1.826813407	0.611576565
1.827813907	0.611865915
1.828814407	0.612155264
1.829814907	0.612444614
1.830815408	0.612733964
1.831815908	0.612970559
1.832816408	0.61316664
1.833816908	0.613362722
1.834817409	0.613558803
1.835817909	0.613754885
1.836818409	0.613950966
1.837818909	0.614147048
1.83881941	0.61434313
1.83981991	0.614539211
1.84082041	0.614735293
1.84182091	0.614931374
1.842821411	0.615127456
1.843821911	0.615323569
1.844822411	0.615520089
1.845822911	0.615716609
1.846823412	0.615913129
1.847823912	0.61610965
1.848824412	0.61630617
1.849824912	0.61650269
1.850825413	0.61669921
1.851825913	0.616895731
1.852826413	0.617092251
1.853826913	0.617288771
1.854827414	0.617485292
1.855827914	0.617681812
1.856828414	0.617936415
1.857828914	0.618233404
1.858829415	0.618530392
1.859829915	0.61882738
1.860830415	0.619124369
1.861830915	0.619421357
1.862831416	0.619718346
1.863831916	0.620015334
1.864832416	0.620312322
1.865832916	0.620609311
1.866833417	0.620906299
1.867833917	0.621203288
1.868834417	0.621501432
1.869834917	0.621812126
1.870835418	0.622122819
1.871835918	0.622433513
1.872836418	0.622744206
1.873836918	0.6230549
1.874837419	0.623365594
1.875837919	0.623676287
1.876838419	0.623986981
1.877838919	0.624297674
1.87883942	0.624608368
1.87983992	0.624919061
1.88084042	0.625229755
1.88184092	0.625483723
1.882841421	0.625698375
1.883841921	0.625913026
1.884842421	0.626127677
1.885842921	0.626342329
1.886843422	0.62655698
1.887843922	0.626771632
1.888844422	0.626986283
1.889844922	0.627200934
1.890845423	0.627415586
1.891845923	0.627630237
1.892846423	0.627844889
1.893846923	0.628059745
1.894847424	0.628276508
1.895847924	0.628493271
1.896848424	0.628710034
1.897848924	0.628926798
1.898849425	0.629143561
1.899849925	0.629360324
1.900850425	0.629577087
1.901850925	0.629793851
1.902851426	0.630010614
1.903851926	0.630227377
1.904852426	0.63044414
1.905852926	0.630660904
1.906853427	0.630889484
1.907853927	0.631125841
1.908854427	0.631362198
1.909854927	0.631598555
1.910855428	0.631834912
1.911855928	0.632071269
1.912856428	0.632307625
1.913856928	0.632543982
1.914857429	0.632780339
1.915857929	0.633016696
1.916858429	0.633253053
1.917858929	0.63348941
1.91885943	0.633734339
1.91985993	0.634049072
1.92086043	0.634363805
1.92186093	0.634678538
1.922861431	0.634993272
1.923861931	0.635308005
1.924862431	0.635622738
1.925862931	0.635937471
1.926863432	0.636252204
1.927863932	0.636566937
1.928864432	0.63688167
1.929864932	0.637196404
1.930865433	0.637511137
1.931865933	0.63782587
1.932866433	0.638140603
1.933866933	0.638455336
1.934867434	0.638770069
1.935867934	0.639084802
1.936868434	0.639399535
1.937868934	0.639714269
1.938869435	0.640029002
1.939869935	0.640343735
1.940870435	0.640658468
1.941870935	0.640973201
1.942871436	0.641288752
1.943871936	0.641605688
1.944872436	0.641922625
1.945872936	0.642239561
1.946873437	0.642556497
1.947873937	0.642873433
1.948874437	0.64319037
1.949874937	0.643507306
1.950875438	0.643824242
1.951875938	0.644141178
1.952876438	0.644458115
1.953876938	0.644775051
1.954877439	0.645091987
1.955877939	0.645408923
1.956878439	0.64572586
1.957878939	0.646042796
1.95887944	0.646359732
1.95987994	0.646676668
1.96088044	0.646993605
1.96188094	0.647385399
1.962881441	0.64782104
1.963881941	0.64825668
1.964882441	0.648692321
1.965882941	0.649127962
1.966883442	0.649563602
1.967883942	0.649999243
1.968884442	0.65043463
1.969884942	0.650868381
1.970885443	0.651302133
1.971885943	0.651735884
1.972886443	0.652169636
1.973886943	0.652603387
1.974887444	0.653037139
1.975887944	0.65347089
1.976888444	0.653904641
1.977888944	0.654338393
1.978889445	0.654772144
1.979889945	0.655205896
1.980890445	0.655639647
1.981890945	0.655988735
1.982891446	0.656290328
1.983891946	0.656591921
1.984892446	0.656893515
1.985892946	0.657195108
1.986893447	0.657496701
1.987893947	0.657798294
1.988894447	0.658099888
1.989894947	0.658401481
1.990895448	0.658703074
1.991895948	0.659004667
1.992896448	0.659306261
1.993896948	0.659585415
1.994897449	0.659734236
1.995897949	0.659883056
1.996898449	0.660031877
1.997898949	0.660180697
1.99889945	0.660329517
1.99989995	0.660478338
2.00090045	0.660627158
2.00190095	0.660775978
2.002901451	0.660924799
2.003901951	0.661073619
2.004902451	0.66122244
2.005902951	0.66137126
2.006903452	0.661455732
2.007903952	0.661506028
2.008904452	0.661556324
2.009904952	0.66160662
2.010905453	0.661656916
2.011905953	0.661707212
2.012906453	0.661757508
2.013906953	0.661807805
2.014907454	0.661858101
2.015907954	0.661908397
2.016908454	0.661958693
2.017908954	0.662008989
2.018909455	0.662046577
2.019909955	0.662017133
2.020910455	0.66198769
2.021910955	0.661958247
2.022911456	0.661928803
2.023911956	0.66189936
2.024912456	0.661869917
2.025912956	0.661840473
2.026913457	0.66181103
2.027913957	0.661781586
2.028914457	0.661752143
2.029914957	0.6617227
2.030915458	0.661693256
2.031915958	0.661683241
2.032916458	0.661682985
2.033916958	0.661682729
2.034917459	0.661682473
2.035917959	0.661682217
2.036918459	0.661681961
2.037918959	0.661681705
2.03891946	0.661681449
2.03991996	0.661681193
2.04092046	0.661680937
2.04192096	0.661680681
2.042921461	0.661680425
2.043921961	0.661701274
2.044922461	0.661823815
2.045922961	0.661946356
2.046923462	0.662068897
2.047923962	0.662191438
2.048924462	0.662313979
2.049924962	0.66243652
2.050925463	0.66255906
2.051925963	0.662681601
2.052926463	0.662804142
2.053926963	0.662926683
2.054927464	0.663049224
2.055927964	0.663171765
2.056928464	0.663294305
2.057928964	0.663416846
2.058929465	0.663539387
2.059929965	0.663661928
2.060930465	0.663784469
2.061930965	0.66390701
2.062931466	0.664029551
2.063931966	0.664152091
2.064932466	0.664274632
2.065932966	0.664397173
2.066933467	0.664519714
2.067933967	0.664642255
2.068934467	0.664764796
2.069934967	0.664887336
2.070935468	0.665009877
2.071935968	0.665132418
2.072936468	0.665254959
2.073936968	0.6653775
2.074937469	0.665500041
2.075937969	0.665642934
2.076938469	0.665787184
2.077938969	0.665931434
2.07893947	0.666075685
2.07993997	0.666219935
2.08094047	0.666364185
2.08194097	0.666508435
2.082941471	0.666652685
2.083941971	0.666796936
2.084942471	0.666941186
2.085942971	0.667085436
2.086943472	0.667229686
2.087943972	0.667373936
2.088944472	0.667518186
2.089944972	0.667662437
2.090945473	0.667806687
2.091945973	0.667950937
2.092946473	0.668095187
2.093946973	0.668239437
2.094947474	0.668383688
2.095947974	0.668527938
2.096948474	0.668672188
2.097948974	0.668816438
2.098949475	0.668960688
2.099949975	0.669104939
2.100950475	0.669249189
2.101950975	0.669393439
2.102951476	0.669537689
2.103951976	0.669681939
2.104952476	0.669826189
2.105952976	0.66997044
2.106953477	0.67011469
2.107953977	0.67025894
2.108954477	0.67040319
2.109954977	0.67054744
2.110955478	0.670691691
2.111955978	0.670835941
2.112956478	0.670980191
2.113956978	0.671124441
2.114957479	0.671268691
2.115957979	0.671412941
2.116958479	0.671557192
2.117958979	0.671701442
2.11895948	0.671845692
2.11995998	0.671989942
2.12096048	0.672134192
2.12196098	0.672278443
2.122961481	0.672422693
2.123961981	0.672566943
2.124962481	0.672711193
2.125962981	0.672868053
2.126963482	0.673025404
2.127963982	0.673182755
2.128964482	0.673340106
2.129964982	0.673497457
2.130965483	0.673654808
2.131965983	0.673812159
2.132966483	0.673969511
2.133966983	0.674126862
2.134967484	0.674284213
2.135967984	0.674441564
2.136968484	0.674598915
2.137968984	0.674756266
2.138969485	0.674913617
2.139969985	0.675070968
2.140970485	0.675228319
2.141970985	0.67538567
2.142971486	0.675543021
2.143971986	0.675700373
2.144972486	0.675857724
2.145972986	0.676015075
2.146973487	0.676172426
2.147973987	0.676329777
2.148974487	0.676487128
2.149974987	0.676644479
2.150975488	0.67680183
2.151975988	0.676959181
2.152976488	0.677116532
2.153976988	0.677273883
2.154977489	0.677431235
2.155977989	0.677588586
2.156978489	0.677745937
2.157978989	0.677903288
2.15897949	0.678060639
2.15997999	0.67821799
2.16098049	0.678375341
2.16198099	0.678532692
2.162981491	0.678690043
2.163981991	0.678847394
2.164982491	0.679004745
2.165982991	0.679162097
2.166983492	0.679319448
2.167983992	0.679476799
2.168984492	0.67963415
2.169984992	0.679791501
2.170985493	0.679948852
2.171985993	0.680106203
2.172986493	0.680263554
2.173986993	0.680420905
2.174987494	0.680578256
2.175987994	0.680580223
2.176988494	0.680580223
2.177988994	0.680580223
2.178989495	0.680580223
2.179989995	0.680580223
2.180990495	0.680580223
2.181990995	0.680580223
2.182991496	0.680580223
2.183991996	0.680580223
2.184992496	0.680580223
2.185992996	0.680580223
2.186993497	0.680580223
2.187993997	0.680580223
2.188994497	0.680580223
2.189994997	0.680580223
2.190995498	0.680580223
2.191995998	0.680580223
2.192996498	0.680580223
2.193996998	0.680580223
2.194997499	0.680580223
2.195997999	0.680580223
2.196998499	0.680580223
2.197998999	0.680580223
2.1989995	0.680580223
2.2	0.680580223
