0.2	0.171922287
0.202002002	0.171922287
0.204004004	0.171922287
0.206006006	0.171922287
0.208008008	0.173928655
0.21001001	0.176213487
0.212012012	0.178498319
0.214014014	0.180783151
0.216016016	0.183067983
0.218018018	0.185352815
0.22002002	0.188637708
0.222022022	0.19249899
0.224024024	0.196360273
0.226026026	0.200221556
0.228028028	0.204082839
0.23003003	0.207944122
0.232032032	0.211994292
0.234034034	0.216339126
0.236036036	0.22068396
0.238038038	0.225028794
0.24004004	0.229373628
0.242042042	0.233718462
0.244044044	0.237872697
0.246046046	0.24091984
0.248048048	0.243966983
0.25005005	0.247014126
0.252052052	0.250061268
0.254054054	0.253108411
0.256056056	0.256155554
0.258058058	0.260774689
0.26006006	0.265562446
0.262062062	0.270350203
0.264064064	0.27513796
0.266066066	0.279925717
0.268068068	0.284713474
0.27007007	0.289594723
0.272072072	0.294524269
0.274074074	0.299453814
0.276076076	0.30438336
0.278078078	0.309312905
0.28008008	0.314242451
0.282082082	0.317939482
0.284084084	0.31990358
0.286086086	0.321867677
0.288088088	0.323831775
0.29009009	0.325795872
0.292092092	0.327759969
0.294094094	0.329723271
0.296096096	0.331682738
0.298098098	0.333642205
0.3001001	0.335601673
0.302102102	0.33756114
0.304104104	0.339520607
0.306106106	0.341480074
0.308108108	0.342934253
0.31011011	0.344349302
0.312112112	0.34576435
0.314114114	0.347179399
0.316116116	0.348594448
0.318118118	0.350009496
0.32012012	0.352573439
0.322122122	0.355667238
0.324124124	0.358761037
0.326126126	0.361854836
0.328128128	0.364948635
0.33013013	0.368042433
0.332132132	0.37200652
0.334134134	0.377075442
0.336136136	0.382144363
0.338138138	0.387213284
0.34014014	0.392282206
0.342142142	0.397351127
0.344144144	0.402071941
0.346146146	0.4053727
0.348148148	0.408673459
0.35015015	0.411974218
0.352152152	0.415274977
0.354154154	0.418575736
0.356156156	0.421876494
0.358158158	0.426654743
0.36016016	0.431505655
0.362162162	0.436356566
0.364164164	0.441207478
0.366166166	0.44605839
0.368168168	0.450909302
0.37017017	0.45564358
0.372172172	0.460330075
0.374174174	0.46501657
0.376176176	0.469703065
0.378178178	0.47438956
0.38018018	0.479076054
0.382182182	0.4827766
0.384184184	0.485345621
0.386186186	0.487914642
0.388188188	0.490483663
0.39019019	0.493052684
0.392192192	0.495621705
0.394194194	0.498039783
0.396196196	0.499928493
0.398198198	0.501817204
0.4002002	0.503705915
0.402202202	0.505594625
0.404204204	0.507483336
0.406206206	0.509372047
0.408208208	0.510707093
0.41021021	0.512029757
0.412212212	0.513352421
0.414214214	0.514675085
0.416216216	0.515997749
0.418218218	0.517320413
0.42022022	0.51814114
0.422222222	0.518780316
0.424224224	0.519419492
0.426226226	0.520058668
0.428228228	0.520697844
0.43023023	0.52133702
0.432232232	0.52175419
0.434234234	0.521940872
0.436236236	0.522127553
0.438238238	0.522314234
0.44024024	0.522500916
0.442242242	0.522687597
0.444244244	0.522980172
0.446246246	0.523595789
0.448248248	0.524211406
0.45025025	0.524827023
0.452252252	0.52544264
0.454254254	0.526058258
0.456256256	0.526677244
0.458258258	0.528371051
0.46026026	0.530064857
0.462262262	0.531758664
0.464264264	0.53345247
0.466266266	0.535146277
0.468268268	0.536840083
0.47027027	0.54057237
0.472272272	0.544950594
0.474274274	0.549328818
0.476276276	0.553707042
0.478278278	0.558085266
0.48028028	0.56246349
0.482282282	0.567095589
0.484284284	0.571966177
0.486286286	0.576836764
0.488288288	0.581707351
0.49029029	0.586577939
0.492292292	0.591448526
0.494294294	0.59592477
0.496296296	0.599344898
0.498298298	0.602765027
0.5003003	0.606185155
0.502302302	0.609605284
0.504304304	0.613025412
0.506306306	0.616447178
0.508308308	0.619925528
0.51031031	0.623403879
0.512312312	0.626882229
0.514314314	0.630360579
0.516316316	0.63383893
0.518318318	0.63731728
0.52032032	0.64225989
0.522322322	0.647605025
0.524324324	0.65295016
0.526326326	0.658295295
0.528328328	0.66364043
0.53033033	0.668985565
0.532332332	0.674372258
0.534334334	0.679794263
0.536336336	0.685216268
0.538338338	0.690638274
0.54034034	0.696060279
0.542342342	0.701482284
0.544344344	0.706388182
0.546346346	0.710071723
0.548348348	0.713755263
0.55035035	0.717438803
0.552352352	0.721122343
0.554354354	0.724805883
0.556356356	0.728492493
0.558358358	0.732233819
0.56036036	0.735975145
0.562362362	0.739716471
0.564364364	0.743457797
0.566366366	0.747199123
0.568368368	0.750940449
0.57037037	0.756273502
0.572372372	0.76198144
0.574374374	0.767689379
0.576376376	0.773397318
0.578378378	0.779105256
0.58038038	0.784813195
0.582382382	0.790557263
0.584384384	0.796329076
0.586386386	0.80210089
0.588388388	0.807872704
0.59039039	0.813644517
0.592392392	0.819416331
0.594394394	0.824592332
0.596396396	0.828513077
0.598398398	0.832433822
0.6004004	0.836354566
0.602402402	0.840275311
0.604404404	0.844196056
0.606406406	0.848120394
0.608408408	0.852087126
0.61041041	0.856053859
0.612412412	0.860020591
0.614414414	0.863987323
0.616416416	0.867954055
0.618418418	0.871920788
0.62042042	0.877627887
0.622422422	0.883680452
0.624424424	0.889733018
0.626426426	0.895785583
0.628428428	0.901838148
0.63043043	0.907890714
0.632432432	0.91398411
0.634434434	0.920105807
0.636436436	0.926227505
0.638438438	0.932349202
0.64044044	0.9384709
0.642442442	0.944592597
0.644444444	0.950031023
0.646446446	0.95418293
0.648448448	0.958334836
0.65045045	0.962486743
0.652452452	0.966638649
0.654454454	0.970790556
0.656456456	0.975167536
0.658458458	0.98150198
0.66046046	0.987836424
0.662462462	0.994170867
0.664464464	1.000505311
0.666466466	1.006839754
0.668468468	1.013174198
0.67047047	1.019568634
0.672472472	1.025972887
0.674474474	1.03237714
0.676476476	1.038781393
0.678478478	1.045185646
0.68048048	1.051589899
0.682482482	1.056722743
0.684484484	1.061061762
0.686486486	1.065400781
0.688488488	1.069739801
0.69049049	1.07407882
0.692492492	1.078417839
0.694494494	1.082774282
0.696496496	1.087160153
0.698498498	1.091546025
0.700500501	1.095931896
0.702502503	1.100317768
0.704504505	1.104703639
0.706506507	1.109383646
0.708508509	1.116065205
0.710510511	1.122746764
0.712512513	1.129428323
0.714514515	1.136109883
0.716516517	1.142791442
0.718518519	1.149473001
0.720520521	1.156215731
0.722522523	1.162966458
0.724524525	1.169717186
0.726526527	1.176467913
0.728528529	1.183218641
0.730530531	1.189969368
0.732532533	1.195323041
0.734534535	1.199892999
0.736536537	1.204462958
0.738538539	1.209032916
0.740540541	1.213602875
0.742542543	1.218172834
0.744544545	1.222760868
0.746546547	1.227376371
0.748548549	1.231991874
0.750550551	1.236607377
0.752552553	1.24122288
0.754554555	1.245838384
0.756556557	1.250460878
0.758558559	1.255122037
0.760560561	1.259783197
0.762562563	1.264444357
0.764564565	1.269105516
0.766566567	1.273766676
0.768568569	1.278427835
0.770570571	1.285300214
0.772572573	1.292392954
0.774574575	1.299485694
0.776576577	1.306578434
0.778578579	1.313671175
0.780580581	1.320763915
0.782582583	1.327900292
0.784584585	1.335058591
0.786586587	1.342216889
0.788588589	1.349375187
0.790590591	1.356533485
0.792592593	1.363691784
0.794594595	1.369871229
0.796596597	1.374709283
0.798598599	1.379547336
0.800600601	1.38438539
0.802602603	1.389223444
0.804604605	1.394061498
0.806606607	1.398907539
0.808608609	1.403790436
0.810610611	1.408673332
0.812612613	1.413556228
0.814614615	1.418439125
0.816616617	1.423322021
0.818618619	1.428204917
0.820620621	1.435458974
0.822622623	1.442879568
0.824624625	1.450300162
0.826626627	1.457720756
0.828628629	1.465141349
0.830630631	1.472561943
0.832632633	1.480026041
0.834634635	1.487509628
0.836636637	1.494993215
0.838638639	1.502476802
0.840640641	1.509960389
0.842642643	1.517443975
0.844644645	1.523840354
0.846646647	1.528891027
0.848648649	1.5339417
0.850650651	1.538992373
0.852652653	1.544043046
0.854654655	1.549093719
0.856656657	1.55467424
0.858658659	1.562333396
0.860660661	1.569992552
0.862662663	1.577651708
0.864664665	1.585310864
0.866666667	1.59297002
0.868668669	1.600629176
0.870670671	1.608336515
0.872672673	1.616045894
0.874674675	1.623755272
0.876676677	1.631464651
0.878678679	1.63917403
0.880680681	1.646883409
0.882682683	1.652791608
0.884684685	1.657984055
0.886686687	1.663176502
0.888688689	1.668368949
0.890690691	1.673561396
0.892692693	1.678753843
0.894694695	1.683963663
0.896696697	1.689192927
0.898698699	1.69442219
0.900700701	1.699651454
0.902702703	1.704880718
0.904704705	1.710109982
0.906706707	1.71594946
0.908708709	1.723853637
0.910710711	1.731757814
0.912712713	1.739661991
0.914714715	1.747566168
0.916716717	1.755470345
0.918718719	1.763374521
0.920720721	1.771309284
0.922722723	1.779244531
0.924724725	1.787179779
0.926726727	1.795115027
0.928728729	1.803050275
0.930730731	1.810985522
0.932732733	1.81697605
0.934734735	1.822285516
0.936736737	1.827594981
0.938738739	1.832904446
0.940740741	1.838213912
0.942742743	1.843523377
0.944744745	1.848840347
0.946746747	1.854164914
0.948748749	1.859489482
0.950750751	1.86481405
0.952752753	1.870138618
0.954754755	1.875463186
0.956756757	1.881482536
0.958758759	1.889551924
0.960760761	1.897621312
0.962762763	1.9056907
0.964764765	1.913760088
0.966766767	1.921829476
0.968768769	1.929896868
0.970770771	1.937753365
0.972772773	1.945609862
0.974774775	1.953466359
0.976776777	1.961322856
0.978778779	1.969179353
0.980780781	1.97703585
0.982782783	1.982703824
0.984784785	1.987701841
0.986786787	1.992699859
0.988788789	1.997697877
0.990790791	2.002695894
0.992792793	2.007693912
0.994794795	2.012693877
0.996796797	2.017695626
0.998798799	2.022697376
1.000800801	2.027699125
1.002802803	2.032700875
1.004804805	2.037702624
1.006806807	2.042645816
1.008808809	2.04743702
1.010810811	2.052228224
1.012812813	2.057019428
1.014814815	2.061810632
1.016816817	2.066601836
1.018818819	2.07144828
1.020820821	2.077846436
1.022822823	2.084244593
1.024824825	2.09064275
1.026826827	2.097040907
1.028828829	2.103439064
1.030830831	2.109837221
1.032832833	2.115700722
1.034834835	2.121422633
1.036836837	2.127144545
1.038838839	2.132866457
1.040840841	2.138588369
1.042842843	2.14431028
1.044844845	2.148553026
1.046846847	2.151570177
1.048848849	2.154587328
1.050850851	2.15760448
1.052852853	2.160621631
1.054854855	2.163638782
1.056856857	2.166743157
1.058858859	2.170048057
1.060860861	2.173352958
1.062862863	2.176657858
1.064864865	2.179962759
1.066866867	2.183267659
1.068868869	2.186531955
1.070870871	2.189152978
1.072872873	2.191774001
1.074874875	2.194395024
1.076876877	2.197016047
1.078878879	2.19963707
1.080880881	2.202258093
1.082882883	2.203738195
1.084884885	2.204960389
1.086886887	2.206182582
1.088888889	2.207404776
1.090890891	2.208626969
1.092892893	2.209849163
1.094894895	2.21092515
1.096896897	2.211891682
1.098898899	2.212858215
1.100900901	2.213824747
1.102902903	2.214791279
1.104904905	2.215757812
1.106906907	2.216667877
1.108908909	2.217462318
1.110910911	2.218256759
1.112912913	2.2190512
1.114914915	2.219845641
1.116916917	2.220640082
1.118918919	2.221449305
1.120920921	2.222418931
1.122922923	2.223388557
1.124924925	2.224358183
1.126926927	2.225327809
1.128928929	2.226297435
1.130930931	2.227267061
1.132932933	2.228121204
1.134934935	2.228953452
1.136936937	2.2297857
1.138938939	2.230617948
1.140940941	2.231450197
1.142942943	2.232282445
1.144944945	2.232893192
1.146946947	2.233354338
1.148948949	2.233815484
1.150950951	2.23427663
1.152952953	2.234737776
1.154954955	2.235198922
1.156956957	2.235650443
1.158958959	2.236084332
1.160960961	2.236518221
1.162962963	2.236952109
1.164964965	2.237385998
1.166966967	2.237819887
1.168968969	2.23826911
1.170970971	2.238843193
1.172972973	2.239417276
1.174974975	2.239991359
1.176976977	2.240565442
1.178978979	2.241139525
1.180980981	2.241713608
1.182982983	2.242260097
1.184984985	2.242802302
1.186986987	2.243344507
1.188988989	2.243886712
1.190990991	2.244428917
1.192992993	2.244971122
1.194994995	2.24539127
1.196996997	2.245737202
1.198998999	2.246083135
1.201001001	2.246429067
1.203003003	2.246774999
1.205005005	2.247120932
1.207007007	2.247525596
1.209009009	2.248026853
1.211011011	2.24852811
1.213013013	2.249029367
1.215015015	2.249530624
1.217017017	2.250031882
1.219019019	2.250532008
1.221021021	2.25102485
1.223023023	2.251517693
1.225025025	2.252010535
1.227027027	2.252503378
1.229029029	2.25299622
1.231031031	2.253489063
1.233033033	2.253829603
1.235035035	2.25415144
1.237037037	2.254473277
1.239039039	2.254795113
1.241041041	2.25511695
1.243043043	2.255438787
1.245045045	2.25576167
1.247047047	2.256085126
1.249049049	2.256408581
1.251051051	2.256732037
1.253053053	2.257055492
1.255055055	2.257378948
1.257057057	2.257703459
1.259059059	2.258029536
1.261061061	2.258355612
1.263063063	2.258681688
1.265065065	2.259007764
1.267067067	2.25933384
1.269069069	2.259686734
1.271071071	2.260181081
1.273073073	2.260675427
1.275075075	2.261169774
1.277077077	2.26166412
1.279079079	2.262158467
1.281081081	2.262652813
1.283083083	2.263161381
1.285085085	2.263671258
1.287087087	2.264181136
1.289089089	2.264691014
1.291091091	2.265200892
1.293093093	2.265710769
1.295095095	2.266112612
1.297097097	2.266461693
1.299099099	2.266810773
1.301101101	2.267159854
1.303103103	2.267508935
1.305105105	2.267858016
1.307107107	2.268281671
1.309109109	2.268804942
1.311111111	2.269328212
1.313113113	2.269851482
1.315115115	2.270374752
1.317117117	2.270898023
1.319119119	2.271426331
1.321121121	2.271976923
1.323123123	2.272527516
1.325125125	2.273078109
1.327127127	2.273628701
1.329129129	2.274179294
1.331131131	2.274729887
1.333133133	2.275180445
1.335135135	2.275624689
1.337137137	2.276068933
1.339139139	2.276513177
1.341141141	2.276957421
1.343143143	2.277401665
1.345145145	2.277960974
1.347147147	2.278570335
1.349149149	2.279179695
1.351151151	2.279789055
1.353153153	2.280398416
1.355155155	2.281007776
1.357157157	2.281568624
1.359159159	2.282070924
1.361161161	2.282573223
1.363163163	2.283075523
1.365165165	2.283577822
1.367167167	2.284080121
1.369169169	2.284582421
1.371171171	2.28508472
1.373173173	2.285587019
1.375175175	2.286089319
1.377177177	2.286591618
1.379179179	2.287093917
1.381181181	2.287596217
1.383183183	2.287997198
1.385185185	2.288394573
1.387187187	2.288791948
1.389189189	2.289189323
1.391191191	2.289586697
1.393193193	2.289984072
1.395195195	2.290381447
1.397197197	2.290778822
1.399199199	2.291176197
1.401201201	2.291573571
1.403203203	2.291970946
1.405205205	2.292368321
1.407207207	2.292744392
1.409209209	2.293097211
1.411211211	2.293450029
1.413213213	2.293802847
1.415215215	2.294155665
1.417217217	2.294508484
1.419219219	2.294926782
1.421221221	2.29555898
1.423223223	2.296191178
1.425225225	2.296823376
1.427227227	2.297455575
1.429229229	2.298087773
1.431231231	2.298719971
1.433233233	2.299369461
1.435235235	2.300019115
1.437237237	2.300668769
1.439239239	2.301318423
1.441241241	2.301968077
1.443243243	2.302617731
1.445245245	2.303121206
1.447247247	2.303575138
1.449249249	2.304029071
1.451251251	2.304483003
1.453253253	2.304936936
1.455255255	2.305390868
1.457257257	2.305984608
1.459259259	2.306716418
1.461261261	2.307448229
1.463263263	2.308180039
1.465265265	2.308911849
1.467267267	2.309643659
1.469269269	2.310379032
1.471271271	2.311124579
1.473273273	2.311870126
1.475275275	2.312615673
1.477277277	2.31336122
1.479279279	2.314106767
1.481281281	2.314848615
1.483283283	2.315357425
1.485285285	2.315866235
1.487287287	2.316375044
1.489289289	2.316883854
1.491291291	2.317392664
1.493293293	2.317901474
1.495295295	2.318421312
1.497297297	2.31894441
1.499299299	2.319467508
1.501301301	2.319990606
1.503303303	2.320513704
1.505305305	2.321036802
1.507307307	2.32156558
1.509309309	2.322099432
1.511311311	2.322633284
1.513313313	2.323167136
1.515315315	2.323700988
1.517317317	2.324234841
1.519319319	2.324848917
1.521321321	2.325664874
1.523323323	2.326480832
1.525325325	2.32729679
1.527327327	2.328112747
1.529329329	2.328928705
1.531331331	2.329745028
1.533333333	2.330569975
1.535335335	2.331394921
1.537337337	2.332219868
1.539339339	2.333044815
1.541341341	2.333869762
1.543343343	2.334694709
1.545345345	2.33531159
1.547347347	2.335875435
1.549349349	2.33643928
1.551351351	2.337003125
1.553353353	2.337566969
1.555355355	2.338130814
1.557357357	2.338858577
1.559359359	2.339718771
1.561361361	2.340578965
1.563363363	2.341439159
1.565365365	2.342299353
1.567367367	2.343159547
1.569369369	2.344021348
1.571371371	2.344886737
1.573373373	2.345752126
1.575375375	2.346617515
1.577377377	2.347482904
1.579379379	2.348348293
1.581381381	2.349193729
1.583383383	2.349755082
1.585385385	2.350316435
1.587387387	2.350877788
1.589389389	2.351439141
1.591391391	2.352000494
1.593393393	2.352561847
1.595395395	2.353127
1.597397397	2.353692977
1.599399399	2.354258953
1.601401401	2.35482493
1.603403403	2.355390907
1.605405405	2.355956884
1.607407407	2.356539029
1.609409409	2.357132974
1.611411411	2.357726919
1.613413413	2.358320864
1.615415415	2.358914808
1.617417417	2.359508753
1.619419419	2.360204874
1.621421421	2.361104393
1.623423423	2.362003911
1.625425425	2.36290343
1.627427427	2.363802948
1.629429429	2.364702467
1.631431431	2.365602271
1.633433433	2.366504941
1.635435435	2.367407611
1.637437437	2.368310281
1.639439439	2.369212951
1.641441441	2.370115621
1.643443443	2.371018291
1.645445445	2.371670328
1.647447447	2.372277047
1.649449449	2.372883766
1.651451451	2.373490486
1.653453453	2.374097205
1.655455455	2.374703924
1.657457457	2.37531286
1.659459459	2.375923255
1.661461461	2.376533649
1.663463463	2.377144044
1.665465465	2.377754438
1.667467467	2.378364833
1.669469469	2.379084765
1.671471471	2.379999961
1.673473473	2.380915156
1.675475475	2.381830352
1.677477477	2.382745547
1.679479479	2.383660743
1.681481481	2.384576117
1.683483483	2.385492853
1.685485485	2.38640959
1.687487487	2.387326327
1.689489489	2.388243064
1.691491491	2.389159801
1.693493493	2.390076538
1.695495495	2.390728465
1.697497497	2.391341478
1.699499499	2.391954491
1.701501502	2.392567504
1.703503504	2.393180516
1.705505506	2.393793529
1.707507508	2.394599042
1.70950951	2.395518523
1.711511512	2.396438003
1.713513514	2.397357484
1.715515516	2.398276964
1.717517518	2.399196445
1.71951952	2.400115691
1.721521522	2.401034562
1.723523524	2.401953432
1.725525526	2.402872303
1.727527528	2.403791173
1.72952953	2.404710044
1.731531532	2.405585422
1.733533534	2.406195009
1.735535536	2.406804597
1.737537538	2.407414184
1.73953954	2.408023772
1.741541542	2.408633359
1.743543544	2.409242947
1.745545546	2.409853072
1.747547548	2.410463259
1.74954955	2.411073445
1.751551552	2.411683632
1.753553554	2.412293819
1.755555556	2.412904006
1.757557558	2.413514387
1.75955956	2.414124872
1.761561562	2.414735357
1.763563564	2.415345842
1.765565566	2.415956327
1.767567568	2.416566812
1.76956957	2.417308416
1.771571572	2.418239191
1.773573574	2.419169966
1.775575576	2.420100741
1.777577578	2.421031516
1.77957958	2.421962292
1.781581582	2.422892444
1.783583584	2.423819457
1.785585586	2.424746471
1.787587588	2.425673484
1.78958959	2.426600498
1.791591592	2.427527511
1.793593594	2.428454525
1.795595596	2.429079067
1.797597598	2.429677976
1.7995996	2.430276885
1.801601602	2.430875793
1.803603604	2.431474702
1.805605606	2.432073611
1.807607608	2.432871061
1.80960961	2.433762749
1.811611612	2.434654437
1.813613614	2.435546125
1.815615616	2.436437813
1.817617618	2.437329501
1.81961962	2.438219092
1.821621622	2.439105954
1.823623624	2.439992816
1.825625626	2.440879677
1.827627628	2.441766539
1.82962963	2.442653401
1.831631632	2.443486429
1.833633634	2.444090889
1.835635636	2.444695348
1.837637638	2.445299808
1.83963964	2.445904267
1.841641642	2.446508727
1.843643644	2.447113186
1.845645646	2.447714847
1.847647648	2.448316351
1.84964965	2.448917855
1.851651652	2.449519358
1.853653654	2.450120862
1.855655656	2.450722366
1.857657658	2.451528384
1.85965966	2.452420753
1.861661662	2.453313122
1.863663664	2.454205492
1.865665666	2.455097861
1.867667668	2.45599023
1.86966967	2.45689698
1.871671672	2.457820655
1.873673674	2.45874433
1.875675676	2.459668005
1.877677678	2.46059168
1.87967968	2.461515355
1.881681682	2.462376972
1.883683684	2.463012841
1.885685686	2.46364871
1.887687688	2.46428458
1.88968969	2.464920449
1.891691692	2.465556319
1.893693694	2.466192188
1.895695696	2.466822551
1.897697698	2.467452755
1.8996997	2.468082958
1.901701702	2.468713162
1.903703704	2.469343365
1.905705706	2.469973569
1.907707708	2.470628046
1.90970971	2.471291586
1.911711712	2.471955126
1.913713714	2.472618666
1.915715716	2.473282206
1.917717718	2.473945746
1.91971972	2.47474237
1.921721722	2.475680663
1.923723724	2.476618957
1.925725726	2.47755725
1.927727728	2.478495544
1.92972973	2.479433838
1.931731732	2.480372131
1.933733734	2.481310425
1.935735736	2.482248718
1.937737738	2.483187012
1.93973974	2.484125306
1.941741742	2.485063599
1.943743744	2.48601422
1.945745746	2.486972357
1.947747748	2.487930494
1.94974975	2.488888631
1.951751752	2.489846768
1.953753754	2.490804904
1.955755756	2.491763041
1.957757758	2.492721178
1.95975976	2.493679315
1.961761762	2.494659882
1.963763764	2.495705764
1.965765766	2.496751647
1.967767768	2.497797529
1.96976977	2.498851235
1.971771772	2.499912474
1.973773774	2.500973714
1.975775776	2.502034954
1.977777778	2.503096194
1.97977978	2.504157434
1.981781782	2.505152514
1.983783784	2.505964683
1.985785786	2.506776852
1.987787788	2.507589021
1.98978979	2.50840119
1.991791792	2.509213359
1.993793794	2.510018358
1.995795796	2.510502763
1.997797798	2.510987167
1.9997998	2.511471572
2.001801802	2.511955977
2.003803804	2.512440381
2.005805806	2.512924786
2.007807808	2.51332908
2.00980981	2.51371053
2.011811812	2.514091981
2.013813814	2.514473431
2.015815816	2.514854882
2.017817818	2.515236332
2.01981982	2.515526228
2.021821822	2.515736349
2.023823824	2.51594647
2.025825826	2.51615659
2.027827828	2.516366711
2.02982983	2.516576831
2.031831832	2.516769041
2.033833834	2.516917532
2.035835836	2.517066024
2.037837838	2.517214516
2.03983984	2.517363007
2.041841842	2.517511499
2.043843844	2.517674089
2.045845846	2.518123359
2.047847848	2.518572629
2.04984985	2.519021899
2.051851852	2.519471169
2.053853854	2.519920439
2.055855856	2.520369709
2.057857858	2.520818979
2.05985986	2.521268249
2.061861862	2.521717518
2.063863864	2.522166788
2.065865866	2.522616058
2.067867868	2.523065328
2.06986987	2.523514598
2.071871872	2.523963868
2.073873874	2.524413138
2.075875876	2.524882469
2.077877878	2.525377594
2.07987988	2.525872719
2.081881882	2.526367843
2.083883884	2.526862968
2.085885886	2.527358093
2.087887888	2.527853217
2.08988989	2.528348342
2.091891892	2.528843467
2.093893894	2.529338591
2.095895896	2.529833716
2.097897898	2.53032884
2.0998999	2.530823965
2.101901902	2.53131909
2.103903904	2.531814214
2.105905906	2.532309339
2.107907908	2.532804464
2.10990991	2.533299588
2.111911912	2.533794713
2.113913914	2.534289838
2.115915916	2.534784962
2.117917918	2.535280087
2.11991992	2.535775212
2.121921922	2.536270336
2.123923924	2.536765461
2.125925926	2.537270033
2.127927928	2.537785584
2.12992993	2.538301135
2.131931932	2.538816687
2.133933934	2.539332238
2.135935936	2.539847789
2.137937938	2.54036334
2.13993994	2.540878891
2.141941942	2.541394443
2.143943944	2.541909994
2.145945946	2.542425545
2.147947948	2.542941096
2.14994995	2.543456647
2.151951952	2.543972199
2.153953954	2.54448775
2.155955956	2.545003301
2.157957958	2.545518852
2.15995996	2.546034403
2.161961962	2.546549955
2.163963964	2.547065506
2.165965966	2.547581057
2.167967968	2.548096608
2.16996997	2.548612159
2.171971972	2.549127711
2.173973974	2.549643262
2.175975976	2.549907482
2.177977978	2.549907482
2.17997998	2.549907482
2.181981982	2.549907482
2.183983984	2.549907482
2.185985986	2.549907482
2.187987988	2.549907482
2.18998999	2.549907482
2.191991992	2.549907482
2.193993994	2.549907482
2.195995996	2.549907482
2.197997998	2.549907482
2.2	2.549907482
