0.8	1.8437495
0.8002001	1.844335432
0.8004002	1.844921365
0.8006003	1.845507298
0.8008004	1.846093231
0.8010005	1.846679163
0.8012006	1.847265096
0.8014007	1.847851029
0.8016008	1.848436961
0.8018009	1.849022894
0.802001001	1.849608827
0.802201101	1.850194759
0.802401201	1.850780692
0.802601301	1.851366625
0.802801401	1.851952557
0.803001501	1.85253849
0.803201601	1.853124423
0.803401701	1.853710356
0.803601801	1.854296288
0.803801901	1.854882221
0.804002001	1.855468154
0.804202101	1.856054086
0.804402201	1.856640019
0.804602301	1.857225952
0.804802401	1.857811884
0.805002501	1.858397817
0.805202601	1.85898375
0.805402701	1.859569682
0.805602801	1.860155615
0.805802901	1.860741548
0.806003002	1.861327481
0.806203102	1.861913413
0.806403202	1.862496342
0.806603302	1.863078352
0.806803402	1.863660362
0.807003502	1.864242371
0.807203602	1.864824381
0.807403702	1.865406391
0.807603802	1.8659884
0.807803902	1.86657041
0.808004002	1.86715242
0.808204102	1.867734429
0.808404202	1.868316439
0.808604302	1.868898449
0.808804402	1.869480458
0.809004502	1.870062468
0.809204602	1.870644478
0.809404702	1.871226487
0.809604802	1.871808497
0.809804902	1.872390507
0.810005003	1.872972516
0.810205103	1.873554526
0.810405203	1.874136536
0.810605303	1.874718545
0.810805403	1.875300555
0.811005503	1.875882565
0.811205603	1.876464574
0.811405703	1.877046584
0.811605803	1.877628594
0.811805903	1.878210603
0.812006003	1.878792613
0.812206103	1.879374623
0.812406203	1.879956632
0.812606303	1.880538642
0.812806403	1.881120652
0.813006503	1.881702661
0.813206603	1.882284671
0.813406703	1.882866681
0.813606803	1.88344869
0.813806903	1.8840307
0.814007004	1.88461271
0.814207104	1.885194719
0.814407204	1.885776729
0.814607304	1.886358739
0.814807404	1.886940748
0.815007504	1.887522758
0.815207604	1.888104768
0.815407704	1.888686777
0.815607804	1.889268787
0.815807904	1.889850797
0.816008004	1.890432806
0.816208104	1.891014816
0.816408204	1.891596826
0.816608304	1.892178835
0.816808404	1.892760845
0.817008504	1.893342855
0.817208604	1.893924864
0.817408704	1.894506874
0.817608804	1.895088884
0.817808904	1.895670893
0.818009005	1.896252903
0.818209105	1.896834913
0.818409205	1.897416922
0.818609305	1.897998932
0.818809405	1.898661951
0.819009505	1.899516832
0.819209605	1.900371714
0.819409705	1.901226596
0.819609805	1.902081478
0.819809905	1.902936359
0.820010005	1.903791241
0.820210105	1.904646123
0.820410205	1.905501005
0.820610305	1.906355887
0.820810405	1.907210768
0.821010505	1.90806565
0.821210605	1.908920532
0.821410705	1.909775414
0.821610805	1.910630295
0.821810905	1.911485177
0.822011006	1.912340059
0.822211106	1.913194941
0.822411206	1.914049823
0.822611306	1.914904704
0.822811406	1.915759586
0.823011506	1.916614468
0.823211606	1.91746935
0.823411706	1.918324232
0.823611806	1.919179113
0.823811906	1.920033995
0.824012006	1.920888877
0.824212106	1.921743759
0.824412206	1.92259864
0.824612306	1.923453522
0.824812406	1.924308404
0.825012506	1.925163286
0.825212606	1.926018168
0.825412706	1.926873049
0.825612806	1.927727931
0.825812906	1.928582813
0.826013007	1.929437695
0.826213107	1.930292576
0.826413207	1.931147458
0.826613307	1.93200234
0.826813407	1.932857222
0.827013507	1.933712104
0.827213607	1.934566985
0.827413707	1.935421867
0.827613807	1.936276749
0.827813907	1.937131631
0.828014007	1.937986513
0.828214107	1.938841394
0.828414207	1.939696276
0.828614307	1.940551158
0.828814407	1.94140604
0.829014507	1.942260921
0.829214607	1.943115803
0.829414707	1.943970685
0.829614807	1.944825567
0.829814907	1.945680449
0.830015008	1.94653533
0.830215108	1.947390212
0.830415208	1.948245094
0.830615308	1.949099976
0.830815408	1.949954858
0.831015508	1.950809739
0.831215608	1.951664621
0.831415708	1.952503995
0.831615808	1.953340151
0.831815908	1.954176306
0.832016008	1.955012462
0.832216108	1.955848617
0.832416208	1.956684773
0.832616308	1.957520929
0.832816408	1.958357084
0.833016508	1.95919324
0.833216608	1.960029395
0.833416708	1.960865551
0.833616808	1.961701706
0.833816908	1.962537862
0.834017009	1.963374018
0.834217109	1.964210173
0.834417209	1.965046329
0.834617309	1.965882484
0.834817409	1.96671864
0.835017509	1.967554795
0.835217609	1.968390951
0.835417709	1.969227107
0.835617809	1.970063262
0.835817909	1.970899418
0.836018009	1.971735573
0.836218109	1.972571729
0.836418209	1.973407884
0.836618309	1.97424404
0.836818409	1.975080196
0.837018509	1.975916351
0.837218609	1.976752507
0.837418709	1.977588662
0.837618809	1.978424818
0.837818909	1.979260973
0.83801901	1.980097129
0.83821911	1.980933285
0.83841921	1.98176944
0.83861931	1.982605596
0.83881941	1.983441751
0.83901951	1.984277907
0.83921961	1.985114062
0.83941971	1.985950218
0.83961981	1.986786374
0.83981991	1.987622529
0.84002001	1.988458685
0.84022011	1.98929484
0.84042021	1.990130996
0.84062031	1.990967151
0.84082041	1.991803307
0.84102051	1.992639463
0.84122061	1.993475618
0.84142071	1.994311774
0.84162081	1.995147929
0.84182091	1.995984085
0.842021011	1.99682024
0.842221111	1.997656396
0.842421211	1.998492552
0.842621311	1.999328707
0.842821411	2.000164863
0.843021511	2.001001018
0.843221611	2.001837174
0.843421711	2.002673329
0.843621811	2.003509485
0.843821911	2.004235558
0.844022011	2.004765395
0.844222111	2.005295233
0.844422211	2.00582507
0.844622311	2.006354908
0.844822411	2.006884746
0.845022511	2.007414583
0.845222611	2.007944421
0.845422711	2.008474259
0.845622811	2.009004096
0.845822911	2.009533934
0.846023012	2.010063771
0.846223112	2.010593609
0.846423212	2.011123447
0.846623312	2.011653284
0.846823412	2.012183122
0.847023512	2.01271296
0.847223612	2.013242797
0.847423712	2.013772635
0.847623812	2.014302472
0.847823912	2.01483231
0.848024012	2.015362148
0.848224112	2.015891985
0.848424212	2.016421823
0.848624312	2.016951661
0.848824412	2.017481498
0.849024512	2.018011336
0.849224612	2.018541173
0.849424712	2.019071011
0.849624812	2.019600849
0.849824912	2.020130686
0.850025013	2.020660524
0.850225113	2.021190362
0.850425213	2.021720199
0.850625313	2.022250037
0.850825413	2.022779874
0.851025513	2.023309712
0.851225613	2.02383955
0.851425713	2.024369387
0.851625813	2.024899225
0.851825913	2.025429063
0.852026013	2.0259589
0.852226113	2.026488738
0.852426213	2.027018575
0.852626313	2.027548413
0.852826413	2.028078251
0.853026513	2.028608088
0.853226613	2.029137926
0.853426713	2.029667764
0.853626813	2.030197601
0.853826913	2.030727439
0.854027014	2.031257276
0.854227114	2.031787114
0.854427214	2.032316952
0.854627314	2.032846789
0.854827414	2.033376627
0.855027514	2.033906465
0.855227614	2.034436302
0.855427714	2.03496614
0.855627814	2.035495978
0.855827914	2.036025815
0.856028014	2.036555653
0.856228114	2.03708549
0.856428214	2.037788215
0.856628314	2.038512171
0.856828414	2.039236127
0.857028514	2.039960083
0.857228614	2.040684039
0.857428714	2.041407995
0.857628814	2.042131951
0.857828914	2.042855907
0.858029015	2.043579863
0.858229115	2.044303819
0.858429215	2.045027775
0.858629315	2.045751731
0.858829415	2.046475687
0.859029515	2.047199643
0.859229615	2.047923599
0.859429715	2.048647555
0.859629815	2.049371511
0.859829915	2.050095467
0.860030015	2.050819423
0.860230115	2.051543379
0.860430215	2.052267335
0.860630315	2.052991292
0.860830415	2.053715248
0.861030515	2.054439204
0.861230615	2.05516316
0.861430715	2.055887116
0.861630815	2.056611072
0.861830915	2.057335028
0.862031016	2.058058984
0.862231116	2.05878294
0.862431216	2.059506896
0.862631316	2.060230852
0.862831416	2.060954808
0.863031516	2.061678764
0.863231616	2.06240272
0.863431716	2.063126676
0.863631816	2.063850632
0.863831916	2.064574588
0.864032016	2.065298544
0.864232116	2.0660225
0.864432216	2.066746456
0.864632316	2.067470412
0.864832416	2.068194368
0.865032516	2.068918324
0.865232616	2.06964228
0.865432716	2.070366236
0.865632816	2.071090192
0.865832916	2.071814148
0.866033017	2.072538105
0.866233117	2.073262061
0.866433217	2.073986017
0.866633317	2.074709973
0.866833417	2.075433929
0.867033517	2.076157885
0.867233617	2.076881841
0.867433717	2.077605797
0.867633817	2.078329753
0.867833917	2.079053709
0.868034017	2.079777665
0.868234117	2.080501621
0.868434217	2.081225577
0.868634317	2.081949533
0.868834417	2.0826472
0.869034517	2.083308841
0.869234617	2.083970481
0.869434717	2.084632122
0.869634817	2.085293763
0.869834917	2.085955404
0.870035018	2.086617044
0.870235118	2.087278685
0.870435218	2.087940326
0.870635318	2.088601967
0.870835418	2.089263608
0.871035518	2.089925248
0.871235618	2.090586889
0.871435718	2.09124853
0.871635818	2.091910171
0.871835918	2.092571812
0.872036018	2.093233452
0.872236118	2.093895093
0.872436218	2.094556734
0.872636318	2.095218375
0.872836418	2.095880015
0.873036518	2.096541656
0.873236618	2.097203297
0.873436718	2.097864938
0.873636818	2.098526579
0.873836918	2.099188219
0.874037019	2.09984986
0.874237119	2.100511501
0.874437219	2.101173142
0.874637319	2.101834782
0.874837419	2.102496423
0.875037519	2.103158064
0.875237619	2.103819705
0.875437719	2.104481346
0.875637819	2.105142986
0.875837919	2.105804627
0.876038019	2.106466268
0.876238119	2.107127909
0.876438219	2.107789549
0.876638319	2.10845119
0.876838419	2.109112831
0.877038519	2.109774472
0.877238619	2.110436113
0.877438719	2.111097753
0.877638819	2.111759394
0.877838919	2.112421035
0.87803902	2.113082676
0.87823912	2.113744317
0.87843922	2.114405957
0.87863932	2.115067598
0.87883942	2.115729239
0.87903952	2.11639088
0.87923962	2.11705252
0.87943972	2.117714161
0.87963982	2.118375802
0.87983992	2.119037443
0.88004002	2.119699084
0.88024012	2.120360724
0.88044022	2.121022365
0.88064032	2.121684006
0.88084042	2.122345647
0.88104052	2.123007287
0.88124062	2.123668928
0.88144072	2.124050397
0.88164082	2.124418087
0.88184092	2.124785777
0.882041021	2.125153467
0.882241121	2.125521158
0.882441221	2.125888848
0.882641321	2.126256538
0.882841421	2.126624228
0.883041521	2.126991918
0.883241621	2.127359608
0.883441721	2.127727298
0.883641821	2.128094988
0.883841921	2.128462678
0.884042021	2.128830368
0.884242121	2.129198058
0.884442221	2.129565748
0.884642321	2.129933438
0.884842421	2.130301128
0.885042521	2.130668818
0.885242621	2.131036509
0.885442721	2.131404199
0.885642821	2.131771889
0.885842921	2.132139579
0.886043022	2.132507269
0.886243122	2.132874959
0.886443222	2.133242649
0.886643322	2.133610339
0.886843422	2.133978029
0.887043522	2.134345719
0.887243622	2.134713409
0.887443722	2.135081099
0.887643822	2.135448789
0.887843922	2.135816479
0.888044022	2.13618417
0.888244122	2.13655186
0.888444222	2.13691955
0.888644322	2.13728724
0.888844422	2.13765493
0.889044522	2.13802262
0.889244622	2.13839031
0.889444722	2.138758
0.889644822	2.13912569
0.889844922	2.13949338
0.890045023	2.13986107
0.890245123	2.14022876
0.890445223	2.14059645
0.890645323	2.14096414
0.890845423	2.14133183
0.891045523	2.141699521
0.891245623	2.142067211
0.891445723	2.142434901
0.891645823	2.142802591
0.891845923	2.143170281
0.892046023	2.143537971
0.892246123	2.143905661
0.892446223	2.144273351
0.892646323	2.144641041
0.892846423	2.145008731
0.893046523	2.145376421
0.893246623	2.145744111
0.893446723	2.146111801
0.893646823	2.146479491
0.893846923	2.146821882
0.894047024	2.14713734
0.894247124	2.147452798
0.894447224	2.147768256
0.894647324	2.148083714
0.894847424	2.148399172
0.895047524	2.14871463
0.895247624	2.149030088
0.895447724	2.149345546
0.895647824	2.149661005
0.895847924	2.149976463
0.896048024	2.150291921
0.896248124	2.150607379
0.896448224	2.150922837
0.896648324	2.151238295
0.896848424	2.151553753
0.897048524	2.151869211
0.897248624	2.152184669
0.897448724	2.152500128
0.897648824	2.152815586
0.897848924	2.153131044
0.898049025	2.153446502
0.898249125	2.15376196
0.898449225	2.154077418
0.898649325	2.154392876
0.898849425	2.154708334
0.899049525	2.155023792
0.899249625	2.15533925
0.899449725	2.155654709
0.899649825	2.155970167
0.899849925	2.156285625
0.900050025	2.156601083
0.900250125	2.156916541
0.900450225	2.157231999
0.900650325	2.157547457
0.900850425	2.157862915
0.901050525	2.158178373
0.901250625	2.158493831
0.901450725	2.15880929
0.901650825	2.159124748
0.901850925	2.159440206
0.902051026	2.159755664
0.902251126	2.160071122
0.902451226	2.16038658
0.902651326	2.160702038
0.902851426	2.161017496
0.903051526	2.161332954
0.903251626	2.161648412
0.903451726	2.161963871
0.903651826	2.162279329
0.903851926	2.162594787
0.904052026	2.162910245
0.904252126	2.163225703
0.904452226	2.163541161
0.904652326	2.163856619
0.904852426	2.164172077
0.905052526	2.164487535
0.905252626	2.164802993
0.905452726	2.165118452
0.905652826	2.16543391
0.905852926	2.165749368
0.906053027	2.166064826
0.906253127	2.16638108
0.906453227	2.166747502
0.906653327	2.167113923
0.906853427	2.167480344
0.907053527	2.167846765
0.907253627	2.168213187
0.907453727	2.168579608
0.907653827	2.168946029
0.907853927	2.16931245
0.908054027	2.169678872
0.908254127	2.170045293
0.908454227	2.170411714
0.908654327	2.170778136
0.908854427	2.171144557
0.909054527	2.171510978
0.909254627	2.171877399
0.909454727	2.172243821
0.909654827	2.172610242
0.909854927	2.172976663
0.910055028	2.173343085
0.910255128	2.173709506
0.910455228	2.174075927
0.910655328	2.174442348
0.910855428	2.17480877
0.911055528	2.175175191
0.911255628	2.175541612
0.911455728	2.175908033
0.911655828	2.176274455
0.911855928	2.176640876
0.912056028	2.177007297
0.912256128	2.177373719
0.912456228	2.17774014
0.912656328	2.178106561
0.912856428	2.178472982
0.913056528	2.178839404
0.913256628	2.179205825
0.913456728	2.179572246
0.913656828	2.179938667
0.913856928	2.180305089
0.914057029	2.18067151
0.914257129	2.181037931
0.914457229	2.181404353
0.914657329	2.181770774
0.914857429	2.182137195
0.915057529	2.182503616
0.915257629	2.182870038
0.915457729	2.183236459
0.915657829	2.18360288
0.915857929	2.183969301
0.916058029	2.184335723
0.916258129	2.184702144
0.916458229	2.185068565
0.916658329	2.185434987
0.916858429	2.185801408
0.917058529	2.186167829
0.917258629	2.18653425
0.917458729	2.186900672
0.917658829	2.187267093
0.917858929	2.187633514
0.91805903	2.187999935
0.91825913	2.188366357
0.91845923	2.188732778
0.91865933	2.189099199
0.91885943	2.189433819
0.91905953	2.189742089
0.91925963	2.190050359
0.91945973	2.190358629
0.91965983	2.190666899
0.91985993	2.190975169
0.92006003	2.191283439
0.92026013	2.191591709
0.92046023	2.191899979
0.92066033	2.192208249
0.92086043	2.192516519
0.92106053	2.192824789
0.92126063	2.193133059
0.92146073	2.193441329
0.92166083	2.193749599
0.92186093	2.194057869
0.922061031	2.194366139
0.922261131	2.194674409
0.922461231	2.194982679
0.922661331	2.195290949
0.922861431	2.195599219
0.923061531	2.195907489
0.923261631	2.196215759
0.923461731	2.196524029
0.923661831	2.196832299
0.923861931	2.197140569
0.924062031	2.197448839
0.924262131	2.197757109
0.924462231	2.198065379
0.924662331	2.198373649
0.924862431	2.198681919
0.925062531	2.198990189
0.925262631	2.199298459
0.925462731	2.199606729
0.925662831	2.199914999
0.925862931	2.200223269
0.926063032	2.200531539
0.926263132	2.200839809
0.926463232	2.201148079
0.926663332	2.201456349
0.926863432	2.201764619
0.927063532	2.202072889
0.927263632	2.202381159
0.927463732	2.202689429
0.927663832	2.202997699
0.927863932	2.203305969
0.928064032	2.203614239
0.928264132	2.203922509
0.928464232	2.204230779
0.928664332	2.204539049
0.928864432	2.204847319
0.929064532	2.205155589
0.929264632	2.205463859
0.929464732	2.205772129
0.929664832	2.206080399
0.929864932	2.206388669
0.930065033	2.206696939
0.930265133	2.207005209
0.930465233	2.207313479
0.930665333	2.207621749
0.930865433	2.207930019
0.931065533	2.208238289
0.931265633	2.208534911
0.931465733	2.20869408
0.931665833	2.208853249
0.931865933	2.209012419
0.932066033	2.209171588
0.932266133	2.209330757
0.932466233	2.209489927
0.932666333	2.209649096
0.932866433	2.209808266
0.933066533	2.209967435
0.933266633	2.210126604
0.933466733	2.210285774
0.933666833	2.210444943
0.933866933	2.210604112
0.934067034	2.210763282
0.934267134	2.210922451
0.934467234	2.211081621
0.934667334	2.21124079
0.934867434	2.211399959
0.935067534	2.211559129
0.935267634	2.211718298
0.935467734	2.211877467
0.935667834	2.212036637
0.935867934	2.212195806
0.936068034	2.212354976
0.936268134	2.212514145
0.936468234	2.212673314
0.936668334	2.212832484
0.936868434	2.212991653
0.937068534	2.213150822
0.937268634	2.213309992
0.937468734	2.213469161
0.937668834	2.213628331
0.937868934	2.2137875
0.938069035	2.213946669
0.938269135	2.214105839
0.938469235	2.214265008
0.938669335	2.214424177
0.938869435	2.214583347
0.939069535	2.214742516
0.939269635	2.214901686
0.939469735	2.215060855
0.939669835	2.215220024
0.939869935	2.215379194
0.940070035	2.215538363
0.940270135	2.215697532
0.940470235	2.215856702
0.940670335	2.216015871
0.940870435	2.216175041
0.941070535	2.21633421
0.941270635	2.216493379
0.941470735	2.216652549
0.941670835	2.216811718
0.941870935	2.216970888
0.942071036	2.217130057
0.942271136	2.217289226
0.942471236	2.217448396
0.942671336	2.217607565
0.942871436	2.217766734
0.943071536	2.217925904
0.943271636	2.218085073
0.943471736	2.218244243
0.943671836	2.218403412
0.943871936	2.218553886
0.944072036	2.218698786
0.944272136	2.218843686
0.944472236	2.218988585
0.944672336	2.219133485
0.944872436	2.219278385
0.945072536	2.219423285
0.945272636	2.219568185
0.945472736	2.219713085
0.945672836	2.219857985
0.945872936	2.220002884
0.946073037	2.220147784
0.946273137	2.220292684
0.946473237	2.220437584
0.946673337	2.220582484
0.946873437	2.220727384
0.947073537	2.220872284
0.947273637	2.221017183
0.947473737	2.221162083
0.947673837	2.221306983
0.947873937	2.221451883
0.948074037	2.221596783
0.948274137	2.221741683
0.948474237	2.221886583
0.948674337	2.222031483
0.948874437	2.222176382
0.949074537	2.222321282
0.949274637	2.222466182
0.949474737	2.222611082
0.949674837	2.222755982
0.949874937	2.222900882
0.950075038	2.223045782
0.950275138	2.223190681
0.950475238	2.223335581
0.950675338	2.223480481
0.950875438	2.223625381
0.951075538	2.223770281
0.951275638	2.223915181
0.951475738	2.224060081
0.951675838	2.22420498
0.951875938	2.22434988
0.952076038	2.22449478
0.952276138	2.22463968
0.952476238	2.22478458
0.952676338	2.22492948
0.952876438	2.22507438
0.953076538	2.22521928
0.953276638	2.225364179
0.953476738	2.225509079
0.953676838	2.225653979
0.953876938	2.225798879
0.954077039	2.225943779
0.954277139	2.226088679
0.954477239	2.226233579
0.954677339	2.226378478
0.954877439	2.226523378
0.955077539	2.226668278
0.955277639	2.226813178
0.955477739	2.226958078
0.955677839	2.227102978
0.955877939	2.227247878
0.956078039	2.227392777
0.956278139	2.227550144
0.956478239	2.227783692
0.956678339	2.228017241
0.956878439	2.22825079
0.957078539	2.228484339
0.957278639	2.228717888
0.957478739	2.228951437
0.957678839	2.229184986
0.957878939	2.229418534
0.95807904	2.229652083
0.95827914	2.229885632
0.95847924	2.230119181
0.95867934	2.23035273
0.95887944	2.230586279
0.95907954	2.230819827
0.95927964	2.231053376
0.95947974	2.231286925
0.95967984	2.231520474
0.95987994	2.231754023
0.96008004	2.231987572
0.96028014	2.232221121
0.96048024	2.232454669
0.96068034	2.232688218
0.96088044	2.232921767
0.96108054	2.233155316
0.96128064	2.233388865
0.96148074	2.233622414
0.96168084	2.233855962
0.96188094	2.234089511
0.962081041	2.23432306
0.962281141	2.234556609
0.962481241	2.234790158
0.962681341	2.235023707
0.962881441	2.235257256
0.963081541	2.235490804
0.963281641	2.235724353
0.963481741	2.235957902
0.963681841	2.236191451
0.963881941	2.236425
0.964082041	2.236658549
0.964282141	2.236892097
0.964482241	2.237125646
0.964682341	2.237359195
0.964882441	2.237592744
0.965082541	2.237826293
0.965282641	2.238059842
0.965482741	2.238293391
0.965682841	2.238526939
0.965882941	2.238760488
0.966083042	2.238994037
0.966283142	2.239227586
0.966483242	2.239461135
0.966683342	2.239694684
0.966883442	2.239928232
0.967083542	2.240161781
0.967283642	2.24039533
0.967483742	2.240628879
0.967683842	2.240862428
0.967883942	2.241095977
0.968084042	2.241329526
0.968284142	2.241563074
0.968484242	2.241796623
0.968684342	2.242030172
0.968884442	2.242221587
0.969084542	2.242392425
0.969284642	2.242563263
0.969484742	2.242734101
0.969684842	2.242904939
0.969884942	2.243075777
0.970085043	2.243246615
0.970285143	2.243417453
0.970485243	2.243588291
0.970685343	2.243759129
0.970885443	2.243929967
0.971085543	2.244100805
0.971285643	2.244271643
0.971485743	2.24444248
0.971685843	2.244613318
0.971885943	2.244784156
0.972086043	2.244954994
0.972286143	2.245125832
0.972486243	2.24529667
0.972686343	2.245467508
0.972886443	2.245638346
0.973086543	2.245809184
0.973286643	2.245980022
0.973486743	2.24615086
0.973686843	2.246321698
0.973886943	2.246492536
0.974087044	2.246663374
0.974287144	2.246834212
0.974487244	2.24700505
0.974687344	2.247175888
0.974887444	2.247346726
0.975087544	2.247517564
0.975287644	2.247688402
0.975487744	2.24785924
0.975687844	2.248030078
0.975887944	2.248200916
0.976088044	2.248371753
0.976288144	2.248542591
0.976488244	2.248713429
0.976688344	2.248884267
0.976888444	2.249055105
0.977088544	2.249225943
0.977288644	2.249396781
0.977488744	2.249567619
0.977688844	2.249738457
0.977888944	2.249909295
0.978089045	2.250080133
0.978289145	2.250250971
0.978489245	2.250421809
0.978689345	2.250592647
0.978889445	2.250763485
0.979089545	2.250934323
0.979289645	2.251105161
0.979489745	2.251275999
0.979689845	2.251446837
0.979889945	2.251617675
0.980090045	2.251788513
0.980290145	2.251959351
0.980490245	2.252130189
0.980690345	2.252301026
0.980890445	2.252471864
0.981090545	2.252642702
0.981290645	2.252793455
0.981490745	2.252865414
0.981690845	2.252937373
0.981890945	2.253009332
0.982091046	2.25308129
0.982291146	2.253153249
0.982491246	2.253225208
0.982691346	2.253297167
0.982891446	2.253369125
0.983091546	2.253441084
0.983291646	2.253513043
0.983491746	2.253585002
0.983691846	2.25365696
0.983891946	2.253728919
0.984092046	2.253800878
0.984292146	2.253872837
0.984492246	2.253944795
0.984692346	2.254016754
0.984892446	2.254088713
0.985092546	2.254160672
0.985292646	2.25423263
0.985492746	2.254304589
0.985692846	2.254376548
0.985892946	2.254448507
0.986093047	2.254520465
0.986293147	2.254592424
0.986493247	2.254664383
0.986693347	2.254736342
0.986893447	2.2548083
0.987093547	2.254880259
0.987293647	2.254952218
0.987493747	2.255024177
0.987693847	2.255096135
0.987893947	2.255168094
0.988094047	2.255240053
0.988294147	2.255312011
0.988494247	2.25538397
0.988694347	2.255455929
0.988894447	2.255527888
0.989094547	2.255599846
0.989294647	2.255671805
0.989494747	2.255743764
0.989694847	2.255815723
0.989894947	2.255887681
0.990095048	2.25595964
0.990295148	2.256031599
0.990495248	2.256103558
0.990695348	2.256175516
0.990895448	2.256247475
0.991095548	2.256319434
0.991295648	2.256391393
0.991495748	2.256463351
0.991695848	2.25653531
0.991895948	2.256607269
0.992096048	2.256679228
0.992296148	2.256751186
0.992496248	2.256823145
0.992696348	2.256895104
0.992896448	2.256967063
0.993096548	2.257039021
0.993296648	2.25711098
0.993496748	2.257182939
0.993696848	2.257254898
0.993896948	2.257371786
0.994097049	2.257504925
0.994297149	2.257638064
0.994497249	2.257771204
0.994697349	2.257904343
0.994897449	2.258037483
0.995097549	2.258170622
0.995297649	2.258303761
0.995497749	2.258436901
0.995697849	2.25857004
0.995897949	2.258703179
0.996098049	2.258836319
0.996298149	2.258969458
0.996498249	2.259102597
0.996698349	2.259235737
0.996898449	2.259368876
0.997098549	2.259502015
0.997298649	2.259635155
0.997498749	2.259768294
0.997698849	2.259901433
0.997898949	2.260034573
0.99809905	2.260167712
0.99829915	2.260300851
0.99849925	2.260433991
0.99869935	2.26056713
0.99889945	2.260700269
0.99909955	2.260833409
0.99929965	2.260966548
0.99949975	2.261099687
0.99969985	2.261232827
0.99989995	2.261365966
1.00010005	2.261499105
1.00030015	2.261632245
1.00050025	2.261765384
1.00070035	2.261898523
1.00090045	2.262031663
1.00110055	2.262164802
1.00130065	2.262297941
1.00150075	2.262431081
1.00170085	2.26256422
1.00190095	2.262697359
1.002101051	2.262830499
1.002301151	2.262963638
1.002501251	2.263096777
1.002701351	2.263229917
1.002901451	2.263363056
1.003101551	2.263496195
1.003301651	2.263629335
1.003501751	2.263762474
1.003701851	2.263895613
1.003901951	2.264028753
1.004102051	2.264161892
1.004302151	2.264295032
1.004502251	2.264428171
1.004702351	2.26456131
1.004902451	2.26469445
1.005102551	2.264827589
1.005302651	2.264960728
1.005502751	2.265093868
1.005702851	2.265227007
1.005902951	2.265360146
1.006103052	2.265493286
1.006303152	2.265631094
1.006503252	2.26578181
1.006703352	2.265932526
1.006903452	2.266083242
1.007103552	2.266233958
1.007303652	2.266384675
1.007503752	2.266535391
1.007703852	2.266686107
1.007903952	2.266836823
1.008104052	2.266987539
1.008304152	2.267138255
1.008504252	2.267288972
1.008704352	2.267439688
1.008904452	2.267590404
1.009104552	2.26774112
1.009304652	2.267891836
1.009504752	2.268042552
1.009704852	2.268193269
1.009904952	2.268343985
1.010105053	2.268494701
1.010305153	2.268645417
1.010505253	2.268796133
1.010705353	2.26894685
1.010905453	2.269097566
1.011105553	2.269248282
1.011305653	2.269398998
1.011505753	2.269549714
1.011705853	2.26970043
1.011905953	2.269851147
1.012106053	2.270001863
1.012306153	2.270152579
1.012506253	2.270303295
1.012706353	2.270454011
1.012906453	2.270604727
1.013106553	2.270755444
1.013306653	2.27090616
1.013506753	2.271056876
1.013706853	2.271207592
1.013906953	2.271358308
1.014107054	2.271509024
1.014307154	2.271659741
1.014507254	2.271810457
1.014707354	2.271961173
1.014907454	2.272111889
1.015107554	2.272262605
1.015307654	2.272413321
1.015507754	2.272564038
1.015707854	2.272714754
1.015907954	2.27286547
1.016108054	2.273016186
1.016308154	2.273166902
1.016508254	2.273317618
1.016708354	2.273468335
1.016908454	2.273619051
1.017108554	2.273769767
1.017308654	2.273920483
1.017508754	2.274071199
1.017708854	2.274221915
1.017908954	2.274372632
1.018109055	2.274523348
1.018309155	2.274674064
1.018509255	2.27482478
1.018709355	2.274975496
1.018909455	2.275247639
1.019109555	2.275550733
1.019309655	2.275853827
1.019509755	2.276156921
1.019709855	2.276460016
1.019909955	2.27676311
1.020110055	2.277066204
1.020310155	2.277369298
1.020510255	2.277672392
1.020710355	2.277975486
1.020910455	2.278278581
1.021110555	2.278581675
1.021310655	2.278884769
1.021510755	2.279187863
1.021710855	2.279490957
1.021910955	2.279794052
1.022111056	2.280097146
1.022311156	2.28040024
1.022511256	2.280703334
1.022711356	2.281006428
1.022911456	2.281309523
1.023111556	2.281612617
1.023311656	2.281915711
1.023511756	2.282218805
1.023711856	2.282521899
1.023911956	2.282824994
1.024112056	2.283128088
1.024312156	2.283431182
1.024512256	2.283734276
1.024712356	2.28403737
1.024912456	2.284340465
1.025112556	2.284643559
1.025312656	2.284946653
1.025512756	2.285249747
1.025712856	2.285552841
1.025912956	2.285855936
1.026113057	2.28615903
1.026313157	2.286462124
1.026513257	2.286765218
1.026713357	2.287068312
1.026913457	2.287371407
1.027113557	2.287674501
1.027313657	2.287977595
1.027513757	2.288280689
1.027713857	2.288583783
1.027913957	2.288886878
1.028114057	2.289189972
1.028314157	2.289493066
1.028514257	2.28979616
1.028714357	2.290099254
1.028914457	2.290402349
1.029114557	2.290705443
1.029314657	2.291008537
1.029514757	2.291311631
1.029714857	2.291614725
1.029914957	2.29191782
1.030115058	2.292220914
1.030315158	2.292524008
1.030515258	2.292827102
1.030715358	2.293130196
1.030915458	2.293433291
1.031115558	2.293736385
1.031315658	2.294062973
1.031515758	2.294437667
1.031715858	2.294812362
1.031915958	2.295187056
1.032116058	2.295561751
1.032316158	2.295936445
1.032516258	2.29631114
1.032716358	2.296685834
1.032916458	2.297060529
1.033116558	2.297435223
1.033316658	2.297809918
1.033516758	2.298184612
1.033716858	2.298559307
1.033916958	2.298934001
1.034117059	2.299308696
1.034317159	2.29968339
1.034517259	2.300058085
1.034717359	2.300432779
1.034917459	2.300807474
1.035117559	2.301182168
1.035317659	2.301556863
1.035517759	2.301931557
1.035717859	2.302306252
1.035917959	2.302680946
1.036118059	2.303055641
1.036318159	2.303430335
1.036518259	2.30380503
1.036718359	2.304179724
1.036918459	2.304554419
1.037118559	2.304929113
1.037318659	2.305303808
1.037518759	2.305678502
1.037718859	2.306053197
1.037918959	2.306427891
1.03811906	2.306802586
1.03831916	2.30717728
1.03851926	2.307551975
1.03871936	2.307926669
1.03891946	2.308301364
1.03911956	2.308676058
1.03931966	2.309050753
1.03951976	2.309425447
1.03971986	2.309800142
1.03991996	2.310174836
1.04012006	2.310549531
1.04032016	2.310924225
1.04052026	2.31129892
1.04072036	2.311673614
1.04092046	2.312048309
1.04112056	2.312423003
1.04132066	2.312797698
1.04152076	2.313172392
1.04172086	2.313547087
1.04192096	2.313921781
1.042121061	2.314296476
1.042321161	2.31467117
1.042521261	2.315045865
1.042721361	2.315420559
1.042921461	2.315795254
1.043121561	2.316169948
1.043321661	2.316544643
1.043521761	2.316919337
1.043721861	2.317294032
1.043921961	2.317633925
1.044122061	2.317968123
1.044322161	2.318302321
1.044522261	2.318636519
1.044722361	2.318970717
1.044922461	2.319304915
1.045122561	2.319639113
1.045322661	2.319973311
1.045522761	2.320307509
1.045722861	2.320641707
1.045922961	2.320975905
1.046123062	2.321310103
1.046323162	2.321644301
1.046523262	2.321978499
1.046723362	2.322312697
1.046923462	2.322646895
1.047123562	2.322981093
1.047323662	2.323315291
1.047523762	2.323649489
1.047723862	2.323983687
1.047923962	2.324317885
1.048124062	2.324652083
1.048324162	2.324986281
1.048524262	2.325320479
1.048724362	2.325654677
1.048924462	2.325988875
1.049124562	2.326323073
1.049324662	2.326657271
1.049524762	2.326991469
1.049724862	2.327325668
1.049924962	2.327659866
1.050125063	2.327994064
1.050325163	2.328328262
1.050525263	2.32866246
1.050725363	2.328996658
1.050925463	2.329330856
1.051125563	2.329665054
1.051325663	2.329999252
1.051525763	2.33033345
1.051725863	2.330667648
1.051925963	2.331001846
1.052126063	2.331336044
1.052326163	2.331670242
1.052526263	2.33200444
1.052726363	2.332338638
1.052926463	2.332672836
1.053126563	2.333007034
1.053326663	2.333341232
1.053526763	2.33367543
1.053726863	2.334009628
1.053926963	2.334343826
1.054127064	2.334678024
1.054327164	2.335012222
1.054527264	2.33534642
1.054727364	2.335680618
1.054927464	2.336014816
1.055127564	2.336349014
1.055327664	2.336683212
1.055527764	2.33701741
1.055727864	2.337351608
1.055927964	2.337685806
1.056128064	2.338020004
1.056328164	2.338469104
1.056528264	2.339097448
1.056728364	2.339725793
1.056928464	2.340354138
1.057128564	2.340982483
1.057328664	2.341610828
1.057528764	2.342239172
1.057728864	2.342867517
1.057928964	2.343495862
1.058129065	2.344124207
1.058329165	2.344752552
1.058529265	2.345380896
1.058729365	2.346009241
1.058929465	2.346637586
1.059129565	2.347265931
1.059329665	2.347894276
1.059529765	2.34852262
1.059729865	2.349150965
1.059929965	2.34977931
1.060130065	2.350407655
1.060330165	2.351036
1.060530265	2.351664344
1.060730365	2.352292689
1.060930465	2.352921034
1.061130565	2.353549379
1.061330665	2.354177724
1.061530765	2.354806068
1.061730865	2.355434413
1.061930965	2.356062758
1.062131066	2.356691103
1.062331166	2.357319448
1.062531266	2.357947792
1.062731366	2.358576137
1.062931466	2.359204482
1.063131566	2.359832827
1.063331666	2.360461172
1.063531766	2.361089516
1.063731866	2.361717861
1.063931966	2.362346206
1.064132066	2.362974551
1.064332166	2.363602896
1.064532266	2.36423124
1.064732366	2.364859585
1.064932466	2.36548793
1.065132566	2.366116275
1.065332666	2.36674462
1.065532766	2.367372964
1.065732866	2.368001309
1.065932966	2.368629654
1.066133067	2.369257999
1.066333167	2.369886344
1.066533267	2.370514688
1.066733367	2.371143033
1.066933467	2.371771378
1.067133567	2.372399723
1.067333667	2.373028068
1.067533767	2.373656412
1.067733867	2.374284757
1.067933967	2.374913102
1.068134067	2.375541447
1.068334167	2.376169792
1.068534267	2.376798136
1.068734367	2.377426481
1.068934467	2.378121367
1.069134567	2.378821892
1.069334667	2.379522417
1.069534767	2.380222942
1.069734867	2.380923467
1.069934967	2.381623992
1.070135068	2.382324517
1.070335168	2.383025042
1.070535268	2.383725567
1.070735368	2.384426092
1.070935468	2.385126617
1.071135568	2.385827142
1.071335668	2.386527667
1.071535768	2.387228192
1.071735868	2.387928716
1.071935968	2.388629241
1.072136068	2.389329766
1.072336168	2.390030291
1.072536268	2.390730816
1.072736368	2.391431341
1.072936468	2.392131866
1.073136568	2.392832391
1.073336668	2.393532916
1.073536768	2.394233441
1.073736868	2.394933966
1.073936968	2.395634491
1.074137069	2.396335016
1.074337169	2.397035541
1.074537269	2.397736066
1.074737369	2.398436591
1.074937469	2.399137116
1.075137569	2.399837641
1.075337669	2.400538166
1.075537769	2.401238691
1.075737869	2.401939216
1.075937969	2.40263974
1.076138069	2.403340265
1.076338169	2.40404079
1.076538269	2.404741315
1.076738369	2.40544184
1.076938469	2.406142365
1.077138569	2.40684289
1.077338669	2.407543415
1.077538769	2.40824394
1.077738869	2.408944465
1.077938969	2.40964499
1.07813907	2.410345515
1.07833917	2.41104604
1.07853927	2.411746565
1.07873937	2.41244709
1.07893947	2.413147615
1.07913957	2.41384814
1.07933967	2.414548665
1.07953977	2.41524919
1.07973987	2.415949715
1.07993997	2.416650239
1.08014007	2.417350764
1.08034017	2.418051289
1.08054027	2.418751814
1.08074037	2.419452339
1.08094047	2.420152864
1.08114057	2.420853389
1.08134067	2.421473809
1.08154077	2.421997551
1.08174087	2.422521293
1.08194097	2.423045035
1.082141071	2.423568777
1.082341171	2.424092519
1.082541271	2.424616261
1.082741371	2.425140003
1.082941471	2.425663745
1.083141571	2.426187487
1.083341671	2.426711229
1.083541771	2.427234971
1.083741871	2.427758713
1.083941971	2.428282455
1.084142071	2.428806197
1.084342171	2.429329939
1.084542271	2.429853681
1.084742371	2.430377423
1.084942471	2.430901165
1.085142571	2.431424907
1.085342671	2.431948649
1.085542771	2.432472391
1.085742871	2.432996133
1.085942971	2.433519875
1.086143072	2.434043617
1.086343172	2.434567359
1.086543272	2.435091101
1.086743372	2.435614843
1.086943472	2.436138585
1.087143572	2.436662327
1.087343672	2.437186069
1.087543772	2.437709811
1.087743872	2.438233553
1.087943972	2.438757295
1.088144072	2.439281037
1.088344172	2.439804779
1.088544272	2.440328521
1.088744372	2.440852263
1.088944472	2.441376005
1.089144572	2.441899747
1.089344672	2.442423489
1.089544772	2.442947231
1.089744872	2.443470973
1.089944972	2.443994715
1.090145073	2.444518457
1.090345173	2.445042199
1.090545273	2.445565941
1.090745373	2.446089683
1.090945473	2.446613425
1.091145573	2.447137167
1.091345673	2.447660909
1.091545773	2.448184651
1.091745873	2.448708393
1.091945973	2.449232135
1.092146073	2.449755877
1.092346173	2.450279619
1.092546273	2.450803361
1.092746373	2.451327103
1.092946473	2.451850845
1.093146573	2.452374587
1.093346673	2.452898329
1.093546773	2.453422071
1.093746873	2.453945813
1.093946973	2.454494513
1.094147074	2.45504361
1.094347174	2.455592707
1.094547274	2.456141804
1.094747374	2.456690901
1.094947474	2.457239998
1.095147574	2.457789095
1.095347674	2.458338192
1.095547774	2.458887289
1.095747874	2.459436386
1.095947974	2.459985483
1.096148074	2.46053458
1.096348174	2.461083677
1.096548274	2.461632774
1.096748374	2.462181871
1.096948474	2.462730968
1.097148574	2.463280065
1.097348674	2.463829162
1.097548774	2.464378259
1.097748874	2.464927356
1.097948974	2.465476453
1.098149075	2.46602555
1.098349175	2.466574647
1.098549275	2.467123744
1.098749375	2.467672841
1.098949475	2.468221938
1.099149575	2.468771035
1.099349675	2.469320132
1.099549775	2.469869229
1.099749875	2.470418326
1.099949975	2.470967423
1.100150075	2.47151652
1.100350175	2.472065616
1.100550275	2.472614713
1.100750375	2.47316381
1.100950475	2.473712907
1.101150575	2.474262004
1.101350675	2.474811101
1.101550775	2.475360198
1.101750875	2.475909295
1.101950975	2.476458392
1.102151076	2.477007489
1.102351176	2.477556586
1.102551276	2.478105683
1.102751376	2.47865478
1.102951476	2.479203877
1.103151576	2.479752974
1.103351676	2.480302071
1.103551776	2.480851168
1.103751876	2.481400265
1.103951976	2.481949362
1.104152076	2.482498459
1.104352176	2.483047556
1.104552276	2.483596653
1.104752376	2.48414575
1.104952476	2.484694847
1.105152576	2.485243944
1.105352676	2.485793041
1.105552776	2.486342138
1.105752876	2.486891235
1.105952976	2.487440332
1.106153077	2.487989429
1.106353177	2.488548974
1.106553277	2.489118335
1.106753377	2.489687695
1.106953477	2.490257056
1.107153577	2.490826417
1.107353677	2.491395778
1.107553777	2.491965138
1.107753877	2.492534499
1.107953977	2.49310386
1.108154077	2.49367322
1.108354177	2.494242581
1.108554277	2.494811942
1.108754377	2.495381302
1.108954477	2.495950663
1.109154577	2.496520024
1.109354677	2.497089385
1.109554777	2.497658745
1.109754877	2.498228106
1.109954977	2.498797467
1.110155078	2.499366827
1.110355178	2.499936188
1.110555278	2.500505549
1.110755378	2.501074909
1.110955478	2.50164427
1.111155578	2.502213631
1.111355678	2.502782991
1.111555778	2.503352352
1.111755878	2.503921713
1.111955978	2.504491074
1.112156078	2.505060434
1.112356178	2.505629795
1.112556278	2.506199156
1.112756378	2.506768516
1.112956478	2.507337877
1.113156578	2.507907238
1.113356678	2.508476598
1.113556778	2.509045959
1.113756878	2.50961532
1.113956978	2.510184681
1.114157079	2.510754041
1.114357179	2.511323402
1.114557279	2.511892763
1.114757379	2.512462123
1.114957479	2.513031484
1.115157579	2.513600845
1.115357679	2.514170205
1.115557779	2.514739566
1.115757879	2.515308927
1.115957979	2.515878288
1.116158079	2.516447648
1.116358179	2.517017009
1.116558279	2.51758637
1.116758379	2.51815573
1.116958479	2.518725091
1.117158579	2.519294452
1.117358679	2.519863812
1.117558779	2.520433173
1.117758879	2.521002534
1.117958979	2.521571895
1.11815908	2.522141255
1.11835918	2.522710616
1.11855928	2.523279977
1.11875938	2.523864306
1.11895948	2.524752991
1.11915958	2.525641676
1.11935968	2.526530361
1.11955978	2.527419047
1.11975988	2.528307732
1.11995998	2.529196417
1.12016008	2.530085103
1.12036018	2.530973788
1.12056028	2.531862473
1.12076038	2.532751158
1.12096048	2.533639844
1.12116058	2.534528529
1.12136068	2.535417214
1.12156078	2.536305899
1.12176088	2.537194585
1.12196098	2.53808327
1.122161081	2.538971955
1.122361181	2.539860641
1.122561281	2.540749326
1.122761381	2.541638011
1.122961481	2.542526696
1.123161581	2.543415382
1.123361681	2.544304067
1.123561781	2.545192752
1.123761881	2.546081437
1.123961981	2.546970123
1.124162081	2.547858808
1.124362181	2.548747493
1.124562281	2.549636178
1.124762381	2.550524864
1.124962481	2.551413549
1.125162581	2.552302234
1.125362681	2.55319092
1.125562781	2.554079605
1.125762881	2.55496829
1.125962981	2.555856975
1.126163082	2.556745661
1.126363182	2.557634346
1.126563282	2.558523031
1.126763382	2.559411716
1.126963482	2.560300402
1.127163582	2.561189087
1.127363682	2.562077772
1.127563782	2.562966457
1.127763882	2.563855143
1.127963982	2.564743828
1.128164082	2.565632513
1.128364182	2.566521199
1.128564282	2.567409884
1.128764382	2.568298569
1.128964482	2.569187254
1.129164582	2.57007594
1.129364682	2.570964625
1.129564782	2.57185331
1.129764882	2.572741995
1.129964982	2.573630681
1.130165083	2.574519366
1.130365183	2.575408051
1.130565283	2.576296736
1.130765383	2.577185422
1.130965483	2.578074107
1.131165583	2.578962792
1.131365683	2.57986253
1.131565783	2.580770332
1.131765883	2.581678135
1.131965983	2.582585938
1.132166083	2.58349374
1.132366183	2.584401543
1.132566283	2.585309345
1.132766383	2.586217148
1.132966483	2.587124951
1.133166583	2.588032753
1.133366683	2.588940556
1.133566783	2.589848359
1.133766883	2.590756161
1.133966983	2.591663964
1.134167084	2.592571766
1.134367184	2.593479569
1.134567284	2.594387372
1.134767384	2.595295174
1.134967484	2.596202977
1.135167584	2.597110779
1.135367684	2.598018582
1.135567784	2.598926385
1.135767884	2.599834187
1.135967984	2.60074199
1.136168084	2.601649793
1.136368184	2.602557595
1.136568284	2.603465398
1.136768384	2.6043732
1.136968484	2.605281003
1.137168584	2.606188806
1.137368684	2.607096608
1.137568784	2.608004411
1.137768884	2.608912213
1.137968984	2.609820016
1.138169085	2.610727819
1.138369185	2.611635621
1.138569285	2.612543424
1.138769385	2.613451227
1.138969485	2.614359029
1.139169585	2.615266832
1.139369685	2.616174634
1.139569785	2.617082437
1.139769885	2.61799024
1.139969985	2.618898042
1.140170085	2.619805845
1.140370185	2.620713647
1.140570285	2.62162145
1.140770385	2.622529253
1.140970485	2.623437055
1.141170585	2.624344858
1.141370685	2.62525266
1.141570785	2.626160463
1.141770885	2.627068266
1.141970985	2.627976068
1.142171086	2.628883871
1.142371186	2.629791674
1.142571286	2.630699476
1.142771386	2.631607279
1.142971486	2.632515081
1.143171586	2.633422884
1.143371686	2.634330687
1.143571786	2.635238489
1.143771886	2.636114853
1.143971986	2.636735212
1.144172086	2.63735557
1.144372186	2.637975929
1.144572286	2.638596288
1.144772386	2.639216647
1.144972486	2.639837006
1.145172586	2.640457364
1.145372686	2.641077723
1.145572786	2.641698082
1.145772886	2.642318441
1.145972986	2.6429388
1.146173087	2.643559159
1.146373187	2.644179517
1.146573287	2.644799876
1.146773387	2.645420235
1.146973487	2.646040594
1.147173587	2.646660953
1.147373687	2.647281311
1.147573787	2.64790167
1.147773887	2.648522029
1.147973987	2.649142388
1.148174087	2.649762747
1.148374187	2.650383106
1.148574287	2.651003464
1.148774387	2.651623823
1.148974487	2.652244182
1.149174587	2.652864541
1.149374687	2.6534849
1.149574787	2.654105258
1.149774887	2.654725617
1.149974987	2.655345976
1.150175088	2.655966335
1.150375188	2.656586694
1.150575288	2.657207053
1.150775388	2.657827411
1.150975488	2.65844777
1.151175588	2.659068129
1.151375688	2.659688488
1.151575788	2.660308847
1.151775888	2.660929205
1.151975988	2.661549564
1.152176088	2.662169923
1.152376188	2.662790282
1.152576288	2.663410641
1.152776388	2.664031
1.152976488	2.664651358
1.153176588	2.665271717
1.153376688	2.665892076
1.153576788	2.666512435
1.153776888	2.667132794
1.153976988	2.667753152
1.154177089	2.668373511
1.154377189	2.66899387
1.154577289	2.669614229
1.154777389	2.670234588
1.154977489	2.670854947
1.155177589	2.671475305
1.155377689	2.672095664
1.155577789	2.672716023
1.155777889	2.673336382
1.155977989	2.673956741
1.156178089	2.674577099
1.156378189	2.675201757
1.156578289	2.675828826
1.156778389	2.676455894
1.156978489	2.677082963
1.157178589	2.677710032
1.157378689	2.678337101
1.157578789	2.678964169
1.157778889	2.679591238
1.157978989	2.680218307
1.15817909	2.680845376
1.15837919	2.681472444
1.15857929	2.682099513
1.15877939	2.682726582
1.15897949	2.683353651
1.15917959	2.683980719
1.15937969	2.684607788
1.15957979	2.685234857
1.15977989	2.685861926
1.15997999	2.686488994
1.16018009	2.687116063
1.16038019	2.687743132
1.16058029	2.688370201
1.16078039	2.688997269
1.16098049	2.689624338
1.16118059	2.690251407
1.16138069	2.690878476
1.16158079	2.691505544
1.16178089	2.692132613
1.16198099	2.692759682
1.162181091	2.693386751
1.162381191	2.69401382
1.162581291	2.694640888
1.162781391	2.695267957
1.162981491	2.695895026
1.163181591	2.696522095
1.163381691	2.697149163
1.163581791	2.697776232
1.163781891	2.698403301
1.163981991	2.69903037
1.164182091	2.699657438
1.164382191	2.700284507
1.164582291	2.700911576
1.164782391	2.701538645
1.164982491	2.702165713
1.165182591	2.702792782
1.165382691	2.703419851
1.165582791	2.70404692
1.165782891	2.704673988
1.165982991	2.705301057
1.166183092	2.705928126
1.166383192	2.706555195
1.166583292	2.707182263
1.166783392	2.707809332
1.166983492	2.708436401
1.167183592	2.70906347
1.167383692	2.709690538
1.167583792	2.710317607
1.167783892	2.710944676
1.167983992	2.711571745
1.168184092	2.712198813
1.168384192	2.712825882
1.168584292	2.713452951
1.168784392	2.71413645
1.168984492	2.71509184
1.169184592	2.71604723
1.169384692	2.71700262
1.169584792	2.71795801
1.169784892	2.718913401
1.169984992	2.719868791
1.170185093	2.720824181
1.170385193	2.721779571
1.170585293	2.722734961
1.170785393	2.723690351
1.170985493	2.724645741
1.171185593	2.725601131
1.171385693	2.726556521
1.171585793	2.727511912
1.171785893	2.728467302
1.171985993	2.729422692
1.172186093	2.730378082
1.172386193	2.731333472
1.172586293	2.732288862
1.172786393	2.733244252
1.172986493	2.734199642
1.173186593	2.735155033
1.173386693	2.736110423
1.173586793	2.737065813
1.173786893	2.738021203
1.173986993	2.738976593
1.174187094	2.739931983
1.174387194	2.740887373
1.174587294	2.741842763
1.174787394	2.742798153
1.174987494	2.743753544
1.175187594	2.744708934
1.175387694	2.745664324
1.175587794	2.746619714
1.175787894	2.747575104
1.175987994	2.748530494
1.176188094	2.749485884
1.176388194	2.750441274
1.176588294	2.751396664
1.176788394	2.752352055
1.176988494	2.753307445
1.177188594	2.754262835
1.177388694	2.755218225
1.177588794	2.756173615
1.177788894	2.757129005
1.177988994	2.758084395
1.178189095	2.759039785
1.178389195	2.759995176
1.178589295	2.760950566
1.178789395	2.761905956
1.178989495	2.762861346
1.179189595	2.763816736
1.179389695	2.764772126
1.179589795	2.765727516
1.179789895	2.766682906
1.179989995	2.767638296
1.180190095	2.768593687
1.180390195	2.769549077
1.180590295	2.770504467
1.180790395	2.771459857
1.180990495	2.772415247
1.181190595	2.773370637
1.181390695	2.77433251
1.181590795	2.775297121
1.181790895	2.776261731
1.181990995	2.777226341
1.182191096	2.778190952
1.182391196	2.779155562
1.182591296	2.780120172
1.182791396	2.781084783
1.182991496	2.782049393
1.183191596	2.783014003
1.183391696	2.783978614
1.183591796	2.784943224
1.183791896	2.785907834
1.183991996	2.786872444
1.184192096	2.787837055
1.184392196	2.788801665
1.184592296	2.789766275
1.184792396	2.790730886
1.184992496	2.791695496
1.185192596	2.792660106
1.185392696	2.793624717
1.185592796	2.794589327
1.185792896	2.795553937
1.185992996	2.796518548
1.186193097	2.797483158
1.186393197	2.798447768
1.186593297	2.799412379
1.186793397	2.800376989
1.186993497	2.801341599
1.187193597	2.80230621
1.187393697	2.80327082
1.187593797	2.80423543
1.187793897	2.805200041
1.187993997	2.806164651
1.188194097	2.807129261
1.188394197	2.808093872
1.188594297	2.809058482
1.188794397	2.810023092
1.188994497	2.810987703
1.189194597	2.811952313
1.189394697	2.812916923
1.189594797	2.813881534
1.189794897	2.814846144
1.189994997	2.815810754
1.190195098	2.816775365
1.190395198	2.817739975
1.190595298	2.818704585
1.190795398	2.819669196
1.190995498	2.820633806
1.191195598	2.821598416
1.191395698	2.822563027
1.191595798	2.823527637
1.191795898	2.824492247
1.191995998	2.825456858
1.192196098	2.826421468
1.192396198	2.827386078
1.192596298	2.828350689
1.192796398	2.829315299
1.192996498	2.830279909
1.193196598	2.83124452
1.193396698	2.83220913
1.193596798	2.83317374
1.193796898	2.834065043
1.193996998	2.834716873
1.194197099	2.835368703
1.194397199	2.836020534
1.194597299	2.836672364
1.194797399	2.837324194
1.194997499	2.837976024
1.195197599	2.838627855
1.195397699	2.839279685
1.195597799	2.839931515
1.195797899	2.840583345
1.195997999	2.841235176
1.196198099	2.841887006
1.196398199	2.842538836
1.196598299	2.843190666
1.196798399	2.843842497
1.196998499	2.844494327
1.197198599	2.845146157
1.197398699	2.845797987
1.197598799	2.846449818
1.197798899	2.847101648
1.197998999	2.847753478
1.1981991	2.848405309
1.1983992	2.849057139
1.1985993	2.849708969
1.1987994	2.850360799
1.1989995	2.85101263
1.1991996	2.85166446
1.1993997	2.85231629
1.1995998	2.85296812
1.1997999	2.853619951
1.2	2.854271781
