0.2	0.220994893
0.202002002	0.220994893
0.204004004	0.220994893
0.206006006	0.220994893
0.208008008	0.224016541
0.21001001	0.227457565
0.212012012	0.230898588
0.214014014	0.234339612
0.216016016	0.237780635
0.218018018	0.241221659
0.22002002	0.245985548
0.222022022	0.251511878
0.224024024	0.257038207
0.226026026	0.262564536
0.228028028	0.268090865
0.23003003	0.273617195
0.232032032	0.279242755
0.234034034	0.285023115
0.236036036	0.290803476
0.238038038	0.296583836
0.24004004	0.302364196
0.242042042	0.308144557
0.244044044	0.313674988
0.246046046	0.317753708
0.248048048	0.321832427
0.25005005	0.325911147
0.252052052	0.329989866
0.254054054	0.334068586
0.256056056	0.338147305
0.258058058	0.344356788
0.26006006	0.35079483
0.262062062	0.357232872
0.264064064	0.363670914
0.266066066	0.370108956
0.268068068	0.376546999
0.27007007	0.383126623
0.272072072	0.389779388
0.274074074	0.396432152
0.276076076	0.403084917
0.278078078	0.409737681
0.28008008	0.416390446
0.282082082	0.422207869
0.284084084	0.426850792
0.286086086	0.431493715
0.288088088	0.436136637
0.29009009	0.44077956
0.292092092	0.445422482
0.294094094	0.450086066
0.296096096	0.4548492
0.298098098	0.459612334
0.3001001	0.464375467
0.302102102	0.469138601
0.304104104	0.473901735
0.306106106	0.478664869
0.308108108	0.483536285
0.31011011	0.488416086
0.312112112	0.493295888
0.314114114	0.498175689
0.316116116	0.503055491
0.318118118	0.507935292
0.32012012	0.514678781
0.322122122	0.522281779
0.324124124	0.529884776
0.326126126	0.537487774
0.328128128	0.545090772
0.33013013	0.552693769
0.332132132	0.56037858
0.334134134	0.568167252
0.336136136	0.575955924
0.338138138	0.583744596
0.34014014	0.591533268
0.342142142	0.59932194
0.344144144	0.606626677
0.346146146	0.611957266
0.348148148	0.617287855
0.35015015	0.622618444
0.352152152	0.627949033
0.354154154	0.633279623
0.356156156	0.638610212
0.358158158	0.638180596
0.36016016	0.637467692
0.362162162	0.636754787
0.364164164	0.636041883
0.366166166	0.635328978
0.368168168	0.634616074
0.37017017	0.633203065
0.372172172	0.63150323
0.374174174	0.629803395
0.376176176	0.628103559
0.378178178	0.626403724
0.38018018	0.624703889
0.382182182	0.625209075
0.384184184	0.628244856
0.386186186	0.631280637
0.388188188	0.634316419
0.39019019	0.6373522
0.392192192	0.640387981
0.394194194	0.643252321
0.396196196	0.645515409
0.398198198	0.647778496
0.4002002	0.650041584
0.402202202	0.652304671
0.404204204	0.654567759
0.406206206	0.656830846
0.408208208	0.658558238
0.41021021	0.66027365
0.412212212	0.661989062
0.414214214	0.663704473
0.416216216	0.665419885
0.418218218	0.667135296
0.42022022	0.668251352
0.422222222	0.669150618
0.424224224	0.670049885
0.426226226	0.670949151
0.428228228	0.671848418
0.43023023	0.672747684
0.432232232	0.673758423
0.434234234	0.674884895
0.436236236	0.676011366
0.438238238	0.677137838
0.44024024	0.67826431
0.442242242	0.679390781
0.444244244	0.681008917
0.446246246	0.684126938
0.448248248	0.68724496
0.45025025	0.690362981
0.452252252	0.693481003
0.454254254	0.696599024
0.456256256	0.699720601
0.458258258	0.703976081
0.46026026	0.708231562
0.462262262	0.712487043
0.464264264	0.716742523
0.466266266	0.720998004
0.468268268	0.725253485
0.47027027	0.731334246
0.472272272	0.73799339
0.474274274	0.744652533
0.476276276	0.751311676
0.478278278	0.757970819
0.48028028	0.764629962
0.482282282	0.77136851
0.484284284	0.778181653
0.486286286	0.784994795
0.488288288	0.791807937
0.49029029	0.798621079
0.492292292	0.805434222
0.494294294	0.811665297
0.496296296	0.816337504
0.498298298	0.821009711
0.5003003	0.825681918
0.502302302	0.830354125
0.504304304	0.835026332
0.506306306	0.839696017
0.508308308	0.844278571
0.51031031	0.848861125
0.512312312	0.85344368
0.514314314	0.858026234
0.516316316	0.862608788
0.518318318	0.867191342
0.52032032	0.873750778
0.522322322	0.880853658
0.524324324	0.887956539
0.526326326	0.895059419
0.528328328	0.9021623
0.53033033	0.90926518
0.532332332	0.916508664
0.534334334	0.923871621
0.536336336	0.931234578
0.538338338	0.938597535
0.54034034	0.945960491
0.542342342	0.953323448
0.544344344	0.959982219
0.546346346	0.964973183
0.548348348	0.969964146
0.55035035	0.97495511
0.552352352	0.979946073
0.554354354	0.984937036
0.556356356	0.989930965
0.558358358	0.994977736
0.56036036	1.000024508
0.562362362	1.005071279
0.564364364	1.010118051
0.566366366	1.015164822
0.568368368	1.020211593
0.57037037	1.0274158
0.572372372	1.035128127
0.574374374	1.042840455
0.576376376	1.050552783
0.578378378	1.058265111
0.58038038	1.065977439
0.582382382	1.073736283
0.584384384	1.08153085
0.586386386	1.089325417
0.588388388	1.097119984
0.59039039	1.10491455
0.592392392	1.112709117
0.594394394	1.119700162
0.596396396	1.124998351
0.598398398	1.130296539
0.6004004	1.135594727
0.602402402	1.140892915
0.604404404	1.146191103
0.606406406	1.151492418
0.608408408	1.156830629
0.61041041	1.16216884
0.612412412	1.16750705
0.614414414	1.172845261
0.616416416	1.178183472
0.618418418	1.183521682
0.62042042	1.191149567
0.622422422	1.199231956
0.624424424	1.207314345
0.626426426	1.215396734
0.628428428	1.223479124
0.63043043	1.231561513
0.632432432	1.239694221
0.634434434	1.247861807
0.636436436	1.256029394
0.638438438	1.26419698
0.64044044	1.272364566
0.642442442	1.280532152
0.644444444	1.287786644
0.646446446	1.293321888
0.648448448	1.298857131
0.65045045	1.304392375
0.652452452	1.309927618
0.654454454	1.315462862
0.656456456	1.32129184
0.658458458	1.329675415
0.66046046	1.33805899
0.662462462	1.346442565
0.664464464	1.35482614
0.666466466	1.363209715
0.668468468	1.37159329
0.67047047	1.380017819
0.672472472	1.388449049
0.674474474	1.396880279
0.676476476	1.40531151
0.678478478	1.41374274
0.68048048	1.422173971
0.682482482	1.42891526
0.684484484	1.43460141
0.686486486	1.440287559
0.688488488	1.445973708
0.69049049	1.451659858
0.692492492	1.457346007
0.694494494	1.463047333
0.696496496	1.468774294
0.698498498	1.474501255
0.700500501	1.480228215
0.702502503	1.485955176
0.704504505	1.491682137
0.706506507	1.497785453
0.708508509	1.506449818
0.710510511	1.515114184
0.712512513	1.52377855
0.714514515	1.532442916
0.716516517	1.541107281
0.718518519	1.549771647
0.720520521	1.558477878
0.722522523	1.567189582
0.724524525	1.575901286
0.726526527	1.58461299
0.728528529	1.593324694
0.730530531	1.602036399
0.732532533	1.608914557
0.734534535	1.61476414
0.736536537	1.620613723
0.738538539	1.626463306
0.740540541	1.632312889
0.742542543	1.638162472
0.744544545	1.644020684
0.746546547	1.649892009
0.748548549	1.655763333
0.750550551	1.661634658
0.752552553	1.667505982
0.754554555	1.673377307
0.756556557	1.679251539
0.758558559	1.685141858
0.760560561	1.691032176
0.762562563	1.696922494
0.764564565	1.702812812
0.766566567	1.70870313
0.768568569	1.714593449
0.770570571	1.723170469
0.772572573	1.732015237
0.774574575	1.740860004
0.776576577	1.749704772
0.778578579	1.758549539
0.780580581	1.767394307
0.782582583	1.77623289
0.784584585	1.785068366
0.786586587	1.793903843
0.788588589	1.802739319
0.790590591	1.811574795
0.792592593	1.820410271
0.794594595	1.827993109
0.796596597	1.833859368
0.798598599	1.839725626
0.800600601	1.845591885
0.802602603	1.851458143
0.804604605	1.857324402
0.806606607	1.863184009
0.808608609	1.869012927
0.810610611	1.874841844
0.812612613	1.880670762
0.814614615	1.88649968
0.816616617	1.892328598
0.818618619	1.898157515
0.820620621	1.906528978
0.822622623	1.915079014
0.824624625	1.92362905
0.826626627	1.932179085
0.828628629	1.940729121
0.830630631	1.949279157
0.832632633	1.9576976
0.834634635	1.966057094
0.836636637	1.974416588
0.838638639	1.982776082
0.840640641	1.991135576
0.842642643	1.999495071
0.844644645	2.006488664
0.846646647	2.011791597
0.848648649	2.01709453
0.850650651	2.022397463
0.852652653	2.027700397
0.854654655	2.03300333
0.856656657	2.038699214
0.858658659	2.045936674
0.860660661	2.053174134
0.862662663	2.060411595
0.864664665	2.067649055
0.866666667	2.074886515
0.868668669	2.082123976
0.870670671	2.088781798
0.872672673	2.095415076
0.874674675	2.102048354
0.876676677	2.108681632
0.878678679	2.115314909
0.880680681	2.121948187
0.882682683	2.126481435
0.884684685	2.130180174
0.886686687	2.133878913
0.888688689	2.137577652
0.890690691	2.141276391
0.892692693	2.14497513
0.894694695	2.148416784
0.896696697	2.151570707
0.898698699	2.15472463
0.900700701	2.157878553
0.902702703	2.161032476
0.904704705	2.164186399
0.906706707	2.167451569
0.908708709	2.171093153
0.910710711	2.174734737
0.912712713	2.178376321
0.914714715	2.182017905
0.916716717	2.185659489
0.918718719	2.189301073
0.920720721	2.192357365
0.922722723	2.195404366
0.924724725	2.198451368
0.926726727	2.201498369
0.928728729	2.20454537
0.930730731	2.207592371
0.932732733	2.209554158
0.934734735	2.211135891
0.936736737	2.212717623
0.938738739	2.214299356
0.940740741	2.215881089
0.942742743	2.217462821
0.944744745	2.218981605
0.946746747	2.220436648
0.948748749	2.221891692
0.950750751	2.223346735
0.952752753	2.224801779
0.954754755	2.226256822
0.956756757	2.227938477
0.958758759	2.230288774
0.960760761	2.232639072
0.962762763	2.23498937
0.964764765	2.237339667
0.966766767	2.239689965
0.968768769	2.242034553
0.970770771	2.243775817
0.972772773	2.245517081
0.974774775	2.247258345
0.976776777	2.24899961
0.978778779	2.250740874
0.980780781	2.252482138
0.982782783	2.253456703
0.984784785	2.254196564
0.986786787	2.254936425
0.988788789	2.255676285
0.990790791	2.256416146
0.992792793	2.257156007
0.994794795	2.258203867
0.996796797	2.259533904
0.998798799	2.260863942
1.000800801	2.26219398
1.002802803	2.263524018
1.004804805	2.264854056
1.006806807	2.266232433
1.008808809	2.267736277
1.010810811	2.269240121
1.012812813	2.270743964
1.014814815	2.272247808
1.016816817	2.273751652
1.018818819	2.275307754
1.020820821	2.278331842
1.022822823	2.281355929
1.024824825	2.284380017
1.026826827	2.287404104
1.028828829	2.290428192
1.030830831	2.293452279
1.032832833	2.297041614
1.034834835	2.300780639
1.036836837	2.304519664
1.038838839	2.308258688
1.040840841	2.311997713
1.042842843	2.315736738
1.044844845	2.319256432
1.046846847	2.322594396
1.048848849	2.325932359
1.050850851	2.329270323
1.052852853	2.332608287
1.054854855	2.33594625
1.056856857	2.340176759
1.058858859	2.346459201
1.060860861	2.352741643
1.062862863	2.359024085
1.064864865	2.365306528
1.066866867	2.37158897
1.068868869	2.377913676
1.070870871	2.384907928
1.072872873	2.39190218
1.074874875	2.398896432
1.076876877	2.405890685
1.078878879	2.412884937
1.080880881	2.419879189
1.082882883	2.425434737
1.084884885	2.430665061
1.086886887	2.435895384
1.088888889	2.441125708
1.090890891	2.446356031
1.092892893	2.451586355
1.094894895	2.456969015
1.096896897	2.462465718
1.098898899	2.467962422
1.100900901	2.473459125
1.102902903	2.478955829
1.104904905	2.484452532
1.106906907	2.490015158
1.108908909	2.495712767
1.110910911	2.501410376
1.112912913	2.507107985
1.114914915	2.512805594
1.116916917	2.518503202
1.118918919	2.524470348
1.120920921	2.533362464
1.122922923	2.54225458
1.124924925	2.551146696
1.126926927	2.560038813
1.128928929	2.568930929
1.130930931	2.577823045
1.132932933	2.586861306
1.134934935	2.595927274
1.136936937	2.604993243
1.138938939	2.614059211
1.140940941	2.623125179
1.142942943	2.632191148
1.144944945	2.639540396
1.146946947	2.645730183
1.148948949	2.65191997
1.150950951	2.658109758
1.152952953	2.664299545
1.154954955	2.670489332
1.156956957	2.676708789
1.158958959	2.682982596
1.160960961	2.689256403
1.162962963	2.695530209
1.164964965	2.701804016
1.166966967	2.708077823
1.168968969	2.714712156
1.170970971	2.724282202
1.172972973	2.733852248
1.174974975	2.743422294
1.176976977	2.75299234
1.178978979	2.762562386
1.180980981	2.772132432
1.182982983	2.781782165
1.184984985	2.791444268
1.186986987	2.80110637
1.188988989	2.810768473
1.190990991	2.820430576
1.192992993	2.830092679
1.194994995	2.837801633
1.196996997	2.844322995
1.198998999	2.850844357
1.201001001	2.857365719
1.203003003	2.863887081
1.205005005	2.870408443
1.207007007	2.878205333
1.209009009	2.888099993
1.211011011	2.897994653
1.213013013	2.907889314
1.215015015	2.917783974
1.217017017	2.927678634
1.219019019	2.937582801
1.221021021	2.947548211
1.223023023	2.957513621
1.225025025	2.96747903
1.227027027	2.97744444
1.229029029	2.98740985
1.231031031	2.99737526
1.233033033	3.004441708
1.235035035	3.011152143
1.237037037	3.017862578
1.239039039	3.024573014
1.241041041	3.031283449
1.243043043	3.037993884
1.245045045	3.044731694
1.247047047	3.051484447
1.249049049	3.058237199
1.251051051	3.064989952
1.253053053	3.071742705
1.255055055	3.078495458
1.257057057	3.085264597
1.259059059	3.092057998
1.261061061	3.098851399
1.263063063	3.1056448
1.265065065	3.112438201
1.267067067	3.119231602
1.269069069	3.126580072
1.271071071	3.136856259
1.273073073	3.147132446
1.275075075	3.157408633
1.277077077	3.16768482
1.279079079	3.177961008
1.281081081	3.188237195
1.283083083	3.198565573
1.285085085	3.208898761
1.287087087	3.219231949
1.289089089	3.229565137
1.291091091	3.239898324
1.293093093	3.250231512
1.295095095	3.258271657
1.297097097	3.265191943
1.299099099	3.27211223
1.301101101	3.279032516
1.303103103	3.285952803
1.305105105	3.292873089
1.307107107	3.301304812
1.309109109	3.311755461
1.311111111	3.32220611
1.313113113	3.332656759
1.315115115	3.343107408
1.317117117	3.353558057
1.319119119	3.36402447
1.321121121	3.37456062
1.323123123	3.38509677
1.325125125	3.39563292
1.327127127	3.40616907
1.329129129	3.41670522
1.331131131	3.42724137
1.333133133	3.434593491
1.335135135	3.441744626
1.337137137	3.448895762
1.339139139	3.456046897
1.341141141	3.463198033
1.343143143	3.470349169
1.345145145	3.478020028
1.347147147	3.485916957
1.349149149	3.493813885
1.351151151	3.501710813
1.353153153	3.509607742
1.355155155	3.51750467
1.357157157	3.525962835
1.359159159	3.535098353
1.361161161	3.544233872
1.363163163	3.553369391
1.365165165	3.56250491
1.367167167	3.571640429
1.369169169	3.580775948
1.371171171	3.589911466
1.373173173	3.599046985
1.375175175	3.608182504
1.377177177	3.617318023
1.379179179	3.626453542
1.381181181	3.635589061
1.383183183	3.644222002
1.385185185	3.652837053
1.387187187	3.661452103
1.389189189	3.670067154
1.391191191	3.678682204
1.393193193	3.687297255
1.395195195	3.695912305
1.397197197	3.704527356
1.399199199	3.713142406
1.401201201	3.721757457
1.403203203	3.730372507
1.405205205	3.738987558
1.407207207	3.746750081
1.409209209	3.753582067
1.411211211	3.760414054
1.413213213	3.76724604
1.415215215	3.774078027
1.417217217	3.780910013
1.419219219	3.788693895
1.421221221	3.799587299
1.423223223	3.810480704
1.425225225	3.821374108
1.427227227	3.832267512
1.429229229	3.843160917
1.431231231	3.854054321
1.433233233	3.865028017
1.435235235	3.876002472
1.437237237	3.886976927
1.439239239	3.897951383
1.441241241	3.908925838
1.443243243	3.919900293
1.445245245	3.928167302
1.447247247	3.935516725
1.449249249	3.942866147
1.451251251	3.950215569
1.453253253	3.957564992
1.455255255	3.964914414
1.457257257	3.974142868
1.459259259	3.98522701
1.461261261	3.996311153
1.463263263	4.007395296
1.465265265	4.018479438
1.467267267	4.029563581
1.469269269	4.040654579
1.471271271	4.051765151
1.473273273	4.062875723
1.475275275	4.073986295
1.477277277	4.085096868
1.479279279	4.09620744
1.481281281	4.107260502
1.483283283	4.114690445
1.485285285	4.122120388
1.487287287	4.129550331
1.489289289	4.136980274
1.491291291	4.144410217
1.493293293	4.15184016
1.495295295	4.159283536
1.497297297	4.166730881
1.499299299	4.174178226
1.501301301	4.181625572
1.503303303	4.189072917
1.505305305	4.196520262
1.507307307	4.203973325
1.509309309	4.211431495
1.511311311	4.218889666
1.513313313	4.226347836
1.515315315	4.233806007
1.517317317	4.241264177
1.519319319	4.249788867
1.521321321	4.260997434
1.523323323	4.272206002
1.525325325	4.283414569
1.527327327	4.294623136
1.529329329	4.305831704
1.531331331	4.317040742
1.533333333	4.328260908
1.535335335	4.339481074
1.537337337	4.35070124
1.539339339	4.361921406
1.541341341	4.373141572
1.543343343	4.384361738
1.545345345	4.39260663
1.547347347	4.400093118
1.549349349	4.407579606
1.551351351	4.415066095
1.553353353	4.422552583
1.555355355	4.430039071
1.557357357	4.439595006
1.559359359	4.450822866
1.561361361	4.462050725
1.563363363	4.473278585
1.565365365	4.484506445
1.567367367	4.495734305
1.569369369	4.506959864
1.571371371	4.518180286
1.573373373	4.529400709
1.575375375	4.540621131
1.577377377	4.551841553
1.579379379	4.563061976
1.581381381	4.574033672
1.583383383	4.581463987
1.585385385	4.588894303
1.587387387	4.596324618
1.589389389	4.603754933
1.591391391	4.611185248
1.593393393	4.618615563
1.595395395	4.626033321
1.597397397	4.633448357
1.599399399	4.640863393
1.601401401	4.648278429
1.603403403	4.655693464
1.605405405	4.6631085
1.607407407	4.670533385
1.609409409	4.677965457
1.611411411	4.685397528
1.613413413	4.6928296
1.615415415	4.700261672
1.617417417	4.707693743
1.619419419	4.716350318
1.621421421	4.727444454
1.623423423	4.73853859
1.625425425	4.749632725
1.627427427	4.760726861
1.629429429	4.771820997
1.631431431	4.782910575
1.633433433	4.793954416
1.635435435	4.804998256
1.637437437	4.816042097
1.639439439	4.827085937
1.641441441	4.838129777
1.643443443	4.849173618
1.645445445	4.857045263
1.647447447	4.864343338
1.649449449	4.871641412
1.651451451	4.878939487
1.653453453	4.886237562
1.655455455	4.893535636
1.657457457	4.900802529
1.659459459	4.908048903
1.661461461	4.915295277
1.663463463	4.922541651
1.665465465	4.929788025
1.667467467	4.937034399
1.669469469	4.945529075
1.671471471	4.956248985
1.673473473	4.966968895
1.675475475	4.977688805
1.677477477	4.988408715
1.679479479	4.999128625
1.681481481	5.009834831
1.683483483	5.02043622
1.685485485	5.031037609
1.687487487	5.041638998
1.689489489	5.052240388
1.691491491	5.062841777
1.693493493	5.073443166
1.695495495	5.080841013
1.697497497	5.087768089
1.699499499	5.094695165
1.701501502	5.101622241
1.703503504	5.108549317
1.705505506	5.115476392
1.707507508	5.124406701
1.70950951	5.134523002
1.711511512	5.144639304
1.713513514	5.154755605
1.715515516	5.164871907
1.717517518	5.174988208
1.71951952	5.185022197
1.721521522	5.19492435
1.723523524	5.204826504
1.725525526	5.214728658
1.727527528	5.224630812
1.72952953	5.234532966
1.731531532	5.243935978
1.733533534	5.25028868
1.735535536	5.256641382
1.737537538	5.262994085
1.73953954	5.269346787
1.741541542	5.275699489
1.743543544	5.282052191
1.745545546	5.288228616
1.747547548	5.294384773
1.74954955	5.300540929
1.751551552	5.306697086
1.753553554	5.312853242
1.755555556	5.319009399
1.757557558	5.325021745
1.75955956	5.330957715
1.761561562	5.336893684
1.763563564	5.342829653
1.765565566	5.348765622
1.767567568	5.354701591
1.76956957	5.361636899
1.771571572	5.370014001
1.773573574	5.378391103
1.775575576	5.386768204
1.777577578	5.395145306
1.77957958	5.403522408
1.781581582	5.411831111
1.783583584	5.419795238
1.785585586	5.427759365
1.787587588	5.435723491
1.78958959	5.443687618
1.791591592	5.451651745
1.793593594	5.459615872
1.795595596	5.464701271
1.797597598	5.46954271
1.7995996	5.474384149
1.801601602	5.479225588
1.803603604	5.484067027
1.805605606	5.488908467
1.807607608	5.49492304
1.80960961	5.501494445
1.811611612	5.508065851
1.813613614	5.514637257
1.815615616	5.521208663
1.817617618	5.527780069
1.81961962	5.534152832
1.821621622	5.540266928
1.823623624	5.546381025
1.825625626	5.552495122
1.827627628	5.558609219
1.82962963	5.564723315
1.831631632	5.57037426
1.833633634	5.57405871
1.835635636	5.577743159
1.837637638	5.581427609
1.83963964	5.585112058
1.841641642	5.588796507
1.843643644	5.592480957
1.845645646	5.595903658
1.847647648	5.599311674
1.84964965	5.602719689
1.851651652	5.606127705
1.853653654	5.609535721
1.855655656	5.612943736
1.857657658	5.617119195
1.85965966	5.621618685
1.861661662	5.626118175
1.863663664	5.630617665
1.865665666	5.635117155
1.867667668	5.639616645
1.86966967	5.643984517
1.871671672	5.648197492
1.873673674	5.652410467
1.875675676	5.656623442
1.877677678	5.660836417
1.87967968	5.665049392
1.881681682	5.668900146
1.883683684	5.671433255
1.885685686	5.673966364
1.887687688	5.676499473
1.88968969	5.679032582
1.891691692	5.681565691
1.893693694	5.684098801
1.895695696	5.686516672
1.897697698	5.688931208
1.8996997	5.691345745
1.901701702	5.693760282
1.903703704	5.696174818
1.905705706	5.698589355
1.907707708	5.700945222
1.90970971	5.703279184
1.911711712	5.705613145
1.913713714	5.707947107
1.915715716	5.710281068
1.917717718	5.712615029
1.91971972	5.716502284
1.921721722	5.722043043
1.923723724	5.727583803
1.925725726	5.733124563
1.927727728	5.738665323
1.92972973	5.744206082
1.931731732	5.749746842
1.933733734	5.755287602
1.935735736	5.760828361
1.937737738	5.766369121
1.93973974	5.771909881
1.941741742	5.777450641
1.943743744	5.78344211
1.945745746	5.789708359
1.947747748	5.795974607
1.94974975	5.802240856
1.951751752	5.808507104
1.953753754	5.814773353
1.955755756	5.821039601
1.957757758	5.82730585
1.95975976	5.833572098
1.961761762	5.839091569
1.963763764	5.842436438
1.965765766	5.845781307
1.967767768	5.849126177
1.96976977	5.853761628
1.971771772	5.859640155
1.973773774	5.865518682
1.975775776	5.871397209
1.977777778	5.877275736
1.97977978	5.883154263
1.981781782	5.890222757
1.983783784	5.900581158
1.985785786	5.91093956
1.987787788	5.921297962
1.98978979	5.931656364
1.991791792	5.942014766
1.993793794	5.952307783
1.995795796	5.95967718
1.997797798	5.967046576
1.9997998	5.974415973
2.001801802	5.98178537
2.003803804	5.989154766
2.005805806	5.996524163
2.007807808	6.004419223
2.00980981	6.01246417
2.011811812	6.020509118
2.013813814	6.028554066
2.015815816	6.036599014
2.017817818	6.044643961
2.01981982	6.054108361
2.021821822	6.064809592
2.023823824	6.075510824
2.025825826	6.086212055
2.027827828	6.096913286
2.02982983	6.107614518
2.031831832	6.117306206
2.033833834	6.124533739
2.035835836	6.131761272
2.037837838	6.138988806
2.03983984	6.146216339
2.041841842	6.153443872
2.043843844	6.160746132
2.045845846	6.169567825
2.047847848	6.178389518
2.04984985	6.187211211
2.051851852	6.196032905
2.053853854	6.204854598
2.055855856	6.213676291
2.057857858	6.222497984
2.05985986	6.231319678
2.061861862	6.240141371
2.063863864	6.248963064
2.065865866	6.257784757
2.067867868	6.266606451
2.06986987	6.275428144
2.071871872	6.284249837
2.073873874	6.29307153
2.075875876	6.302051538
2.077877878	6.311235093
2.07987988	6.320418647
2.081881882	6.329602202
2.083883884	6.338785756
2.085885886	6.347969311
2.087887888	6.357152865
2.08988989	6.36633642
2.091891892	6.375519975
2.093893894	6.384703529
2.095895896	6.393887084
2.097897898	6.403070638
2.0998999	6.412254193
2.101901902	6.421437748
2.103903904	6.430621302
2.105905906	6.439804857
2.107907908	6.448988411
2.10990991	6.458171966
2.111911912	6.467355521
2.113913914	6.476539075
2.115915916	6.48572263
2.117917918	6.494906184
2.11991992	6.504089739
2.121921922	6.513273293
2.123923924	6.522456848
2.125925926	6.531632527
2.127927928	6.540799054
2.12992993	6.549965581
2.131931932	6.559132108
2.133933934	6.568298635
2.135935936	6.577465162
2.137937938	6.586631688
2.13993994	6.595798215
2.141941942	6.604964742
2.143943944	6.614131269
2.145945946	6.623297796
2.147947948	6.632464323
2.14994995	6.64163085
2.151951952	6.650797376
2.153953954	6.659963903
2.155955956	6.66913043
2.157957958	6.678296957
2.15995996	6.687463484
2.161961962	6.696630011
2.163963964	6.705796538
2.165965966	6.714963065
2.167967968	6.724129591
2.16996997	6.733296118
2.171971972	6.742462645
2.173973974	6.751629172
2.175975976	6.756327017
2.177977978	6.756327017
2.17997998	6.756327017
2.181981982	6.756327017
2.183983984	6.756327017
2.185985986	6.756327017
2.187987988	6.756327017
2.18998999	6.756327017
2.191991992	6.756327017
2.193993994	6.756327017
2.195995996	6.756327017
2.197997998	6.756327017
2.2	6.756327017
