0.200000000000000 0.245617489000000
0.202002002000000 0.245617489000000
0.204004004000000 0.245617489000000
0.206006006000000 0.245617489000000
0.208008008000000 0.248984019000000
0.210010010000000 0.252817789000000
0.212012012000000 0.256651560000000
0.214014014000000 0.260485331000000
0.216016016000000 0.264319101000000
0.218018018000000 0.268152872000000
0.220020020000000 0.273481267000000
0.222022022000000 0.279671095000000
0.224024024000000 0.285860923000000
0.226026026000000 0.292050751000000
0.228028028000000 0.298240579000000
0.230030030000000 0.304430407000000
0.232032032000000 0.310721267000000
0.234034034000000 0.317169738000000
0.236036036000000 0.323618208000000
0.238038038000000 0.330066678000000
0.240040040000000 0.336515148000000
0.242042042000000 0.342963618000000
0.244044044000000 0.349133281000000
0.246046046000000 0.353683485000000
0.248048048000000 0.358233688000000
0.250050050000000 0.362783892000000
0.252052052000000 0.367334096000000
0.254054054000000 0.371884299000000
0.256056056000000 0.376434503000000
0.258058058000000 0.383370944000000
0.260060060000000 0.390563347000000
0.262062062000000 0.397755751000000
0.264064064000000 0.404948155000000
0.266066066000000 0.412140558000000
0.268068068000000 0.419332962000000
0.270070070000000 0.426684066000000
0.272072072000000 0.434117152000000
0.274074074000000 0.441550239000000
0.276076076000000 0.448983326000000
0.278078078000000 0.456416412000000
0.280080080000000 0.463849499000000
0.282082082000000 0.470310206000000
0.284084084000000 0.475403735000000
0.286086086000000 0.480497263000000
0.288088088000000 0.485590791000000
0.290090090000000 0.490684319000000
0.292092092000000 0.495777847000000
0.294094094000000 0.500892236000000
0.296096096000000 0.506107135000000
0.298098098000000 0.511322035000000
0.300100100000000 0.516536934000000
0.302102102000000 0.521751833000000
0.304104104000000 0.526966733000000
0.306106106000000 0.532181632000000
0.308108108000000 0.537345410000000
0.310110110000000 0.542505229000000
0.312112112000000 0.547665048000000
0.314114114000000 0.552824867000000
0.316116116000000 0.557984686000000
0.318118118000000 0.563144505000000
0.320120120000000 0.567866302000000
0.322122122000000 0.572386089000000
0.324124124000000 0.576905875000000
0.326126126000000 0.581425662000000
0.328128128000000 0.585945449000000
0.330130130000000 0.590465236000000
0.332132132000000 0.593679175000000
0.334134134000000 0.595235336000000
0.336136136000000 0.596791497000000
0.338138138000000 0.598347658000000
0.340140140000000 0.599903819000000
0.342142142000000 0.601459980000000
0.344144144000000 0.603020745000000
0.346146146000000 0.604600291000000
0.348148148000000 0.606179837000000
0.350150150000000 0.607759383000000
0.352152152000000 0.609338929000000
0.354154154000000 0.610918475000000
0.356156156000000 0.612498021000000
0.358158158000000 0.619633477000000
0.360160160000000 0.627042175000000
0.362162162000000 0.634450873000000
0.364164164000000 0.641859571000000
0.366166166000000 0.649268269000000
0.368168168000000 0.656676967000000
0.370170170000000 0.664582618000000
0.372172172000000 0.672691866000000
0.374174174000000 0.680801114000000
0.376176176000000 0.688910362000000
0.378178178000000 0.697019610000000
0.380180180000000 0.705128858000000
0.382182182000000 0.712053648000000
0.384184184000000 0.717619094000000
0.386186186000000 0.723184541000000
0.388188188000000 0.728749987000000
0.390190190000000 0.734315433000000
0.392192192000000 0.739880880000000
0.394194194000000 0.745467683000000
0.396196196000000 0.751129386000000
0.398198198000000 0.756791089000000
0.400200200000000 0.762452792000000
0.402202202000000 0.768114495000000
0.404204204000000 0.773776198000000
0.406206206000000 0.779437901000000
0.408208208000000 0.788081890000000
0.410210210000000 0.796792575000000
0.412212212000000 0.805503261000000
0.414214214000000 0.814213947000000
0.416216216000000 0.822924632000000
0.418218218000000 0.831635318000000
0.420220220000000 0.840443365000000
0.422222222000000 0.849286629000000
0.424224224000000 0.858129893000000
0.426226226000000 0.866973156000000
0.428228228000000 0.875816420000000
0.430230230000000 0.884659683000000
0.432232232000000 0.887930441000000
0.434234234000000 0.885415729000000
0.436236236000000 0.882901018000000
0.438238238000000 0.880386307000000
0.440240240000000 0.877871596000000
0.442242242000000 0.875356885000000
0.444244244000000 0.872798815000000
0.446246246000000 0.870108475000000
0.448248248000000 0.867418136000000
0.450250250000000 0.864727796000000
0.452252252000000 0.862037457000000
0.454254254000000 0.859347117000000
0.456256256000000 0.856682913000000
0.458258258000000 0.862356006000000
0.460260260000000 0.868029100000000
0.462262262000000 0.873702193000000
0.464264264000000 0.879375287000000
0.466266266000000 0.885048380000000
0.468268268000000 0.890721473000000
0.470270270000000 0.898690344000000
0.472272272000000 0.907386683000000
0.474274274000000 0.916083022000000
0.476276276000000 0.924779361000000
0.478278278000000 0.933475699000000
0.480280280000000 0.942172038000000
0.482282282000000 0.950930944000000
0.484284284000000 0.959748623000000
0.486286286000000 0.968566303000000
0.488288288000000 0.977383982000000
0.490290290000000 0.986201662000000
0.492292292000000 0.995019342000000
0.494294294000000 1.003070052000000
0.496296296000000 1.009066693000000
0.498298298000000 1.015063334000000
0.500300300000000 1.021059976000000
0.502302302000000 1.027056617000000
0.504304304000000 1.033053259000000
0.506306306000000 1.039037821000000
0.508308308000000 1.044604967000000
0.510310310000000 1.050172114000000
0.512312312000000 1.055739261000000
0.514314314000000 1.061306407000000
0.516316316000000 1.066873554000000
0.518318318000000 1.072440701000000
0.520320320000000 1.080438160000000
0.522322322000000 1.089103713000000
0.524324324000000 1.097769266000000
0.526326326000000 1.106434819000000
0.528328328000000 1.115100372000000
0.530330330000000 1.123765925000000
0.532332332000000 1.132725688000000
0.534334334000000 1.141935443000000
0.536336336000000 1.151145199000000
0.538338338000000 1.160354954000000
0.540340340000000 1.169564710000000
0.542342342000000 1.178774465000000
0.544344344000000 1.187097324000000
0.546346346000000 1.193319636000000
0.548348348000000 1.199541949000000
0.550350350000000 1.205764262000000
0.552352352000000 1.211986575000000
0.554354354000000 1.218208888000000
0.556356356000000 1.224434869000000
0.558358358000000 1.230726237000000
0.560360360000000 1.237017604000000
0.562362362000000 1.243308971000000
0.564364364000000 1.249600338000000
0.566366366000000 1.255891705000000
0.568368368000000 1.262183072000000
0.570370370000000 1.271083381000000
0.572372372000000 1.280598151000000
0.574374374000000 1.290112922000000
0.576376376000000 1.299627692000000
0.578378378000000 1.309142462000000
0.580380380000000 1.318657232000000
0.582382382000000 1.328201547000000
0.584384384000000 1.337768551000000
0.586386386000000 1.347335555000000
0.588388388000000 1.356902559000000
0.590390390000000 1.366469563000000
0.592392392000000 1.376036567000000
0.594394394000000 1.384599851000000
0.596396396000000 1.391048502000000
0.598398398000000 1.397497153000000
0.600400400000000 1.403945803000000
0.602402402000000 1.410394454000000
0.604404404000000 1.416843105000000
0.606406406000000 1.423294336000000
0.608408408000000 1.429776008000000
0.610410410000000 1.436257680000000
0.612412412000000 1.442739351000000
0.614414414000000 1.449221023000000
0.616416416000000 1.455702695000000
0.618418418000000 1.462184367000000
0.620420420000000 1.471412147000000
0.622422422000000 1.481185035000000
0.624424424000000 1.490957922000000
0.626426426000000 1.500730810000000
0.628428428000000 1.510503697000000
0.630430430000000 1.520276585000000
0.632432432000000 1.530050376000000
0.634434434000000 1.539824794000000
0.636436436000000 1.549599211000000
0.638438438000000 1.559373629000000
0.640440440000000 1.569148046000000
0.642442442000000 1.578922464000000
0.644444444000000 1.587572264000000
0.646446446000000 1.594104542000000
0.648448448000000 1.600636819000000
0.650450450000000 1.607169097000000
0.652452452000000 1.613701374000000
0.654454454000000 1.620233651000000
0.656456456000000 1.627108520000000
0.658458458000000 1.636962891000000
0.660460460000000 1.646817263000000
0.662462462000000 1.656671635000000
0.664464464000000 1.666526006000000
0.666466466000000 1.676380378000000
0.668468468000000 1.686234749000000
0.670470470000000 1.696083127000000
0.672472472000000 1.705930523000000
0.674474474000000 1.715777920000000
0.676476476000000 1.725625317000000
0.678478478000000 1.735472713000000
0.680480480000000 1.745320110000000
0.682482482000000 1.753140013000000
0.684484484000000 1.759694019000000
0.686486486000000 1.766248025000000
0.688488488000000 1.772802031000000
0.690490490000000 1.779356037000000
0.692492492000000 1.785910043000000
0.694494494000000 1.792462228000000
0.696496496000000 1.799011339000000
0.698498498000000 1.805560449000000
0.700500501000000 1.812109559000000
0.702502503000000 1.818658669000000
0.704504505000000 1.825207780000000
0.706506507000000 1.832163904000000
0.708508509000000 1.841889712000000
0.710510511000000 1.851615520000000
0.712512513000000 1.861341328000000
0.714514515000000 1.871067135000000
0.716516517000000 1.880792943000000
0.718518519000000 1.890518751000000
0.720520521000000 1.900198797000000
0.722522523000000 1.909872861000000
0.724524525000000 1.919546924000000
0.726526527000000 1.929220988000000
0.728528529000000 1.938895051000000
0.730530531000000 1.948569115000000
0.732532533000000 1.955991329000000
0.734534535000000 1.962150312000000
0.736536537000000 1.968309294000000
0.738538539000000 1.974468276000000
0.740540541000000 1.980627258000000
0.742542543000000 1.986786241000000
0.744544545000000 1.992923099000000
0.746546547000000 1.999026336000000
0.748548549000000 2.005129574000000
0.750550551000000 2.011232811000000
0.752552553000000 2.017336048000000
0.754554555000000 2.023439286000000
0.756556557000000 2.029571614000000
0.758558559000000 2.035864833000000
0.760560561000000 2.042158052000000
0.762562563000000 2.048451270000000
0.764564565000000 2.054744489000000
0.766566567000000 2.061037708000000
0.768568569000000 2.067330927000000
0.770570571000000 2.076334627000000
0.772572573000000 2.085608444000000
0.774574575000000 2.094882262000000
0.776576577000000 2.104156079000000
0.778578579000000 2.113429896000000
0.780580581000000 2.122703714000000
0.782582583000000 2.131890456000000
0.784584585000000 2.141033456000000
0.786586587000000 2.150176455000000
0.788588589000000 2.159319455000000
0.790590591000000 2.168462455000000
0.792592593000000 2.177605455000000
0.794594595000000 2.185401325000000
0.796596597000000 2.191351128000000
0.798598599000000 2.197300931000000
0.800600601000000 2.203250733000000
0.802602603000000 2.209200536000000
0.804604605000000 2.215150339000000
0.806606607000000 2.220877962000000
0.808608609000000 2.225580438000000
0.810610611000000 2.230282913000000
0.812612613000000 2.234985389000000
0.814614615000000 2.239687864000000
0.816616617000000 2.244390340000000
0.818618619000000 2.249092816000000
0.820620621000000 2.252324308000000
0.822622623000000 2.255452487000000
0.824624625000000 2.258580666000000
0.826626627000000 2.261708845000000
0.828628629000000 2.264837024000000
0.830630631000000 2.267965203000000
0.832632633000000 2.270432254000000
0.834634635000000 2.272603143000000
0.836636637000000 2.274774032000000
0.838638639000000 2.276944921000000
0.840640641000000 2.279115810000000
0.842642643000000 2.281286699000000
0.844644645000000 2.283249499000000
0.846646647000000 2.284954734000000
0.848648649000000 2.286659969000000
0.850650651000000 2.288365204000000
0.852652653000000 2.290070439000000
0.854654655000000 2.291775674000000
0.856656657000000 2.293802062000000
0.858658659000000 2.297088355000000
0.860660661000000 2.300374649000000
0.862662663000000 2.303660943000000
0.864664665000000 2.306947236000000
0.866666667000000 2.310233530000000
0.868668669000000 2.313519824000000
0.870670671000000 2.317420319000000
0.872672673000000 2.321346823000000
0.874674675000000 2.325273327000000
0.876676677000000 2.329199831000000
0.878678679000000 2.333126335000000
0.880680681000000 2.337052839000000
0.882682683000000 2.340606535000000
0.884684685000000 2.344012084000000
0.886686687000000 2.347417632000000
0.888688689000000 2.350823181000000
0.890690691000000 2.354228730000000
0.892692693000000 2.357634279000000
0.894694695000000 2.361311275000000
0.896696697000000 2.365292075000000
0.898698699000000 2.369272876000000
0.900700701000000 2.373253677000000
0.902702703000000 2.377234478000000
0.904704705000000 2.381215279000000
0.906706707000000 2.385912846000000
0.908708709000000 2.393035635000000
0.910710711000000 2.400158424000000
0.912712713000000 2.407281213000000
0.914714715000000 2.414404002000000
0.916716717000000 2.421526791000000
0.918718719000000 2.428649579000000
0.920720721000000 2.436416829000000
0.922722723000000 2.444194308000000
0.924724725000000 2.451971787000000
0.926726727000000 2.459749266000000
0.928728729000000 2.467526745000000
0.930730731000000 2.475304224000000
0.932732733000000 2.481536488000000
0.934734735000000 2.487227600000000
0.936736737000000 2.492918713000000
0.938738739000000 2.498609825000000
0.940740741000000 2.504300937000000
0.942742743000000 2.509992049000000
0.944744745000000 2.515813717000000
0.946746747000000 2.521767583000000
0.948748749000000 2.527721449000000
0.950750751000000 2.533675315000000
0.952752753000000 2.539629182000000
0.954754755000000 2.545583048000000
0.956756757000000 2.552449138000000
0.958758759000000 2.562006855000000
0.960760761000000 2.571564573000000
0.962762763000000 2.581122290000000
0.964764765000000 2.590680007000000
0.966766767000000 2.600237724000000
0.968768769000000 2.609794851000000
0.970770771000000 2.619289642000000
0.972772773000000 2.628784432000000
0.974774775000000 2.638279223000000
0.976776777000000 2.647774014000000
0.978778779000000 2.657268805000000
0.980780781000000 2.666763595000000
0.982782783000000 2.673787951000000
0.984784785000000 2.680056050000000
0.986786787000000 2.686324149000000
0.988788789000000 2.692592249000000
0.990790791000000 2.698860348000000
0.992792793000000 2.705128448000000
0.994794795000000 2.711203762000000
0.996796797000000 2.717102454000000
0.998798799000000 2.723001146000000
1.000800801000000 2.728899838000000
1.002802803000000 2.734798529000000
1.004804805000000 2.740697221000000
1.006806807000000 2.746006453000000
1.008808809000000 2.749785739000000
1.010810811000000 2.753565024000000
1.012812813000000 2.757344310000000
1.014814815000000 2.761123596000000
1.016816817000000 2.764902881000000
1.018818819000000 2.768666656000000
1.020820821000000 2.771994708000000
1.022822823000000 2.775322760000000
1.024824825000000 2.778650813000000
1.026826827000000 2.781978865000000
1.028828829000000 2.785306917000000
1.030830831000000 2.788634970000000
1.032832833000000 2.791825084000000
1.034834835000000 2.794978670000000
1.036836837000000 2.798132256000000
1.038838839000000 2.801285842000000
1.040840841000000 2.804439428000000
1.042842843000000 2.807593014000000
1.044844845000000 2.810079027000000
1.046846847000000 2.812011908000000
1.048848849000000 2.813944790000000
1.050850851000000 2.815877671000000
1.052852853000000 2.817810553000000
1.054854855000000 2.819743434000000
1.056856857000000 2.821899202000000
1.058858859000000 2.824567379000000
1.060860861000000 2.827235555000000
1.062862863000000 2.829903732000000
1.064864865000000 2.832571908000000
1.066866867000000 2.835240085000000
1.068868869000000 2.837899873000000
1.070870871000000 2.840426778000000
1.072872873000000 2.842953682000000
1.074874875000000 2.845480586000000
1.076876877000000 2.848007491000000
1.078878879000000 2.850534395000000
1.080880881000000 2.853061299000000
1.082882883000000 2.854795977000000
1.084884885000000 2.856351570000000
1.086886887000000 2.857907162000000
1.088888889000000 2.859462754000000
1.090890891000000 2.861018347000000
1.092892893000000 2.862573939000000
1.094894895000000 2.864062230000000
1.096896897000000 2.865500138000000
1.098898899000000 2.866938045000000
1.100900901000000 2.868375952000000
1.102902903000000 2.869813859000000
1.104904905000000 2.871251766000000
1.106906907000000 2.872666414000000
1.108908909000000 2.874033435000000
1.110910911000000 2.875400455000000
1.112912913000000 2.876767476000000
1.114914915000000 2.878134497000000
1.116916917000000 2.879501517000000
1.118918919000000 2.880919436000000
1.120920921000000 2.882889688000000
1.122922923000000 2.884859940000000
1.124924925000000 2.886830193000000
1.126926927000000 2.888800445000000
1.128928929000000 2.890770698000000
1.130930931000000 2.892740950000000
1.132932933000000 2.894628817000000
1.134934935000000 2.896501064000000
1.136936937000000 2.898373310000000
1.138938939000000 2.900245557000000
1.140940941000000 2.902117804000000
1.142942943000000 2.903990051000000
1.144944945000000 2.905440981000000
1.146946947000000 2.906607356000000
1.148948949000000 2.907773731000000
1.150950951000000 2.908940107000000
1.152952953000000 2.910106482000000
1.154954955000000 2.911272857000000
1.156956957000000 2.912427322000000
1.158958959000000 2.913559969000000
1.160960961000000 2.914692616000000
1.162962963000000 2.915825263000000
1.164964965000000 2.916957910000000
1.166966967000000 2.918090557000000
1.168968969000000 2.919272499000000
1.170970971000000 2.920855842000000
1.172972973000000 2.922439184000000
1.174974975000000 2.924022527000000
1.176976977000000 2.925605869000000
1.178978979000000 2.927189212000000
1.180980981000000 2.928772554000000
1.182982983000000 2.930309498000000
1.184984985000000 2.931839239000000
1.186986987000000 2.933368979000000
1.188988989000000 2.934898720000000
1.190990991000000 2.936428461000000
1.192992993000000 2.937958202000000
1.194994995000000 2.939151363000000
1.196996997000000 2.940139869000000
1.198998999000000 2.941128376000000
1.201001001000000 2.942116882000000
1.203003003000000 2.943105389000000
1.205005005000000 2.944093896000000
1.207007007000000 2.945801209000000
1.209009009000000 2.948690691000000
1.211011011000000 2.951580173000000
1.213013013000000 2.954469655000000
1.215015015000000 2.957359137000000
1.217017017000000 2.960248619000000
1.219019019000000 2.963521963000000
1.221021021000000 2.969268091000000
1.223023023000000 2.975014219000000
1.225025025000000 2.980760346000000
1.227027027000000 2.986506474000000
1.229029029000000 2.992252602000000
1.231031031000000 2.997998730000000
1.233033033000000 3.004602954000000
1.235035035000000 3.011312560000000
1.237037037000000 3.018022165000000
1.239039039000000 3.024731770000000
1.241041041000000 3.031441375000000
1.243043043000000 3.038150980000000
1.245045045000000 3.044888796000000
1.247047047000000 3.051642011000000
1.249049049000000 3.058395226000000
1.251051051000000 3.065148441000000
1.253053053000000 3.071901656000000
1.255055055000000 3.078654871000000
1.257057057000000 3.085424562000000
1.259059059000000 3.092218648000000
1.261061061000000 3.099012734000000
1.263063063000000 3.105806819000000
1.265065065000000 3.112600905000000
1.267067067000000 3.119394990000000
1.269069069000000 3.126744087000000
1.271071071000000 3.137020597000000
1.273073073000000 3.147297107000000
1.275075075000000 3.157573616000000
1.277077077000000 3.167850126000000
1.279079079000000 3.178126635000000
1.281081081000000 3.188403145000000
1.283083083000000 3.198731445000000
1.285085085000000 3.209064516000000
1.287087087000000 3.219397588000000
1.289089089000000 3.229730660000000
1.291091091000000 3.240063732000000
1.293093093000000 3.250396804000000
1.295095095000000 3.258446330000000
1.297097097000000 3.265380637000000
1.299099099000000 3.272314944000000
1.301101101000000 3.279249251000000
1.303103103000000 3.286183558000000
1.305105105000000 3.293117864000000
1.307107107000000 3.301564087000000
1.309109109000000 3.312029876000000
1.311111111000000 3.322495665000000
1.313113113000000 3.332961454000000
1.315115115000000 3.343427243000000
1.317117117000000 3.353893032000000
1.319119119000000 3.364367161000000
1.321121121000000 3.374878180000000
1.323123123000000 3.385389199000000
1.325125125000000 3.395900218000000
1.327127127000000 3.406411237000000
1.329129129000000 3.416922256000000
1.331131131000000 3.427433276000000
1.333133133000000 3.434759108000000
1.335135135000000 3.441883882000000
1.337137137000000 3.449008656000000
1.339139139000000 3.456133430000000
1.341141141000000 3.463258204000000
1.343143143000000 3.470382978000000
1.345145145000000 3.478045859000000
1.347147147000000 3.485942805000000
1.349149149000000 3.493839750000000
1.351151151000000 3.501736696000000
1.353153153000000 3.509633641000000
1.355155155000000 3.517530587000000
1.357157157000000 3.525988782000000
1.359159159000000 3.535124347000000
1.361161161000000 3.544259913000000
1.363163163000000 3.553395478000000
1.365165165000000 3.562531044000000
1.367167167000000 3.571666609000000
1.369169169000000 3.580802174000000
1.371171171000000 3.589937740000000
1.373173173000000 3.599073305000000
1.375175175000000 3.608208870000000
1.377177177000000 3.617344436000000
1.379179179000000 3.626480001000000
1.381181181000000 3.635615566000000
1.383183183000000 3.644246870000000
1.385185185000000 3.652860222000000
1.387187187000000 3.661473574000000
1.389189189000000 3.670086927000000
1.391191191000000 3.678700279000000
1.393193193000000 3.687313631000000
1.395195195000000 3.695926983000000
1.397197197000000 3.704540336000000
1.399199199000000 3.713153688000000
1.401201201000000 3.721767040000000
1.403203203000000 3.730380393000000
1.405205205000000 3.738993745000000
1.407207207000000 3.746753727000000
1.409209209000000 3.753582251000000
1.411211211000000 3.760410776000000
1.413213213000000 3.767239301000000
1.415215215000000 3.774067825000000
1.417217217000000 3.780896350000000
1.419219219000000 3.788677536000000
1.421221221000000 3.799570746000000
1.423223223000000 3.810463957000000
1.425225225000000 3.821357168000000
1.427227227000000 3.832250379000000
1.429229229000000 3.843143590000000
1.431231231000000 3.854036801000000
1.433233233000000 3.865009767000000
1.435235235000000 3.875983488000000
1.437237237000000 3.886957209000000
1.439239239000000 3.897930930000000
1.441241241000000 3.908904651000000
1.443243243000000 3.919878372000000
1.445245245000000 3.928144563000000
1.447247247000000 3.935493140000000
1.449249249000000 3.942841718000000
1.451251251000000 3.950190295000000
1.453253253000000 3.957538872000000
1.455255255000000 3.964887449000000
1.457257257000000 3.974115219000000
1.459259259000000 3.985198839000000
1.461261261000000 3.996282458000000
1.463263263000000 4.007366077000000
1.465265265000000 4.018449696000000
1.467267267000000 4.029533316000000
1.469269269000000 4.040623810000000
1.471271271000000 4.051733936000000
1.473273273000000 4.062844062000000
1.475275275000000 4.073954188000000
1.477277277000000 4.085064315000000
1.479279279000000 4.096174441000000
1.481281281000000 4.107227058000000
1.483283283000000 4.114656601000000
1.485285285000000 4.122086144000000
1.487287287000000 4.129515688000000
1.489289289000000 4.136945231000000
1.491291291000000 4.144374775000000
1.493293293000000 4.151804318000000
1.495295295000000 4.159247342000000
1.497297297000000 4.166694350000000
1.499299299000000 4.174141359000000
1.501301301000000 4.181588367000000
1.503303303000000 4.189035376000000
1.505305305000000 4.196482384000000
1.507307307000000 4.203936296000000
1.509309309000000 4.211396376000000
1.511311311000000 4.218856457000000
1.513313313000000 4.226316537000000
1.515315315000000 4.233776618000000
1.517317317000000 4.241236698000000
1.519319319000000 4.249763279000000
1.521321321000000 4.260973693000000
1.523323323000000 4.272184106000000
1.525325325000000 4.283394519000000
1.527327327000000 4.294604932000000
1.529329329000000 4.305815345000000
1.531331331000000 4.317026141000000
1.533333333000000 4.328245985000000
1.535335335000000 4.339465829000000
1.537337337000000 4.350685672000000
1.539339339000000 4.361905516000000
1.541341341000000 4.373125359000000
1.543343343000000 4.384345203000000
1.545345345000000 4.392591253000000
1.547347347000000 4.400079277000000
1.549349349000000 4.407567301000000
1.551351351000000 4.415055325000000
1.553353353000000 4.422543348000000
1.555355355000000 4.430031372000000
1.557357357000000 4.439589060000000
1.559359359000000 4.450818848000000
1.561361361000000 4.462048636000000
1.563363363000000 4.473278424000000
1.565365365000000 4.484508213000000
1.567367367000000 4.495738001000000
1.569369369000000 4.506965009000000
1.571371371000000 4.518185812000000
1.573373373000000 4.529406616000000
1.575375375000000 4.540627419000000
1.577377377000000 4.551848222000000
1.579379379000000 4.563069025000000
1.581381381000000 4.574041243000000
1.583383383000000 4.581474085000000
1.585385385000000 4.588906928000000
1.587387387000000 4.596339770000000
1.589389389000000 4.603772612000000
1.591391391000000 4.611205454000000
1.593393393000000 4.618638297000000
1.595395395000000 4.626058681000000
1.597397397000000 4.633476366000000
1.599399399000000 4.640894051000000
1.601401401000000 4.648311736000000
1.603403403000000 4.655729420000000
1.605405405000000 4.663147105000000
1.607407407000000 4.670573414000000
1.609409409000000 4.678006017000000
1.611411411000000 4.685438620000000
1.613413413000000 4.692871223000000
1.615415415000000 4.700303825000000
1.617417417000000 4.707736428000000
1.619419419000000 4.716393185000000
1.621421421000000 4.727486808000000
1.623423423000000 4.738580432000000
1.625425425000000 4.749674056000000
1.627427427000000 4.760767680000000
1.629429429000000 4.771861304000000
1.631431431000000 4.782950349000000
1.633433433000000 4.793993450000000
1.635435435000000 4.805036551000000
1.637437437000000 4.816079653000000
1.639439439000000 4.827122754000000
1.641441441000000 4.838165855000000
1.643443443000000 4.849208957000000
1.645445445000000 4.857080418000000
1.647447447000000 4.864378410000000
1.649449449000000 4.871676402000000
1.651451451000000 4.878974394000000
1.653453453000000 4.886272386000000
1.655455455000000 4.893570378000000
1.657457457000000 4.900837131000000
1.659459459000000 4.908083329000000
1.661461461000000 4.915329526000000
1.663463463000000 4.922575723000000
1.665465465000000 4.929821920000000
1.667467467000000 4.937068117000000
1.669469469000000 4.945557261000000
1.671471471000000 4.956262093000000
1.673473473000000 4.966966925000000
1.675475475000000 4.977671757000000
1.677477477000000 4.988376589000000
1.679479479000000 4.999081421000000
1.681481481000000 5.009772503000000
1.683483483000000 5.020358419000000
1.685485485000000 5.030944335000000
1.687487487000000 5.041530251000000
1.689489489000000 5.052116167000000
1.691491491000000 5.062702083000000
1.693493493000000 5.073287999000000
1.695495495000000 5.080683067000000
1.697497497000000 5.087609228000000
1.699499499000000 5.094535390000000
1.701501502000000 5.101461551000000
1.703503504000000 5.108387712000000
1.705505506000000 5.115313874000000
1.707507508000000 5.124242947000000
1.709509510000000 5.134357825000000
1.711511512000000 5.144472702000000
1.713513514000000 5.154587579000000
1.715515516000000 5.164702457000000
1.717517518000000 5.174817334000000
1.719519520000000 5.184849894000000
1.721521522000000 5.194750614000000
1.723523524000000 5.204651333000000
1.725525526000000 5.214552052000000
1.727527528000000 5.224452772000000
1.729529530000000 5.234353491000000
1.731531532000000 5.243755088000000
1.733533534000000 5.250106495000000
1.735535536000000 5.256457901000000
1.737537538000000 5.262809308000000
1.739539540000000 5.269160714000000
1.741541542000000 5.275512121000000
1.743543544000000 5.281863528000000
1.745545546000000 5.288038998000000
1.747547548000000 5.294194240000000
1.749549550000000 5.300349481000000
1.751551552000000 5.306504723000000
1.753553554000000 5.312659964000000
1.755555556000000 5.318815205000000
1.757557558000000 5.324826894000000
1.759559560000000 5.330762341000000
1.761561562000000 5.336697788000000
1.763563564000000 5.342633235000000
1.765565566000000 5.348568682000000
1.767567568000000 5.354504129000000
1.769569570000000 5.361436607000000
1.771571572000000 5.369807550000000
1.773573574000000 5.378178494000000
1.775575576000000 5.386549437000000
1.777577578000000 5.394920380000000
1.779579580000000 5.403291323000000
1.781581582000000 5.411593861000000
1.783583584000000 5.419551785000000
1.785585586000000 5.427509709000000
1.787587588000000 5.435467634000000
1.789589590000000 5.443425558000000
1.791591592000000 5.451383483000000
1.793593594000000 5.459341407000000
1.795595596000000 5.464425607000000
1.797597598000000 5.469266272000000
1.799599600000000 5.474106936000000
1.801601602000000 5.478947601000000
1.803603604000000 5.483788265000000
1.805605606000000 5.488628930000000
1.807607608000000 5.494643883000000
1.809609610000000 5.501216217000000
1.811611612000000 5.507788552000000
1.813613614000000 5.514360886000000
1.815615616000000 5.520933221000000
1.817617618000000 5.527505555000000
1.819619620000000 5.533879599000000
1.821621622000000 5.539995436000000
1.823623624000000 5.546111274000000
1.825625626000000 5.552227111000000
1.827627628000000 5.558342949000000
1.829629630000000 5.564458786000000
1.831631632000000 5.570111290000000
1.833633634000000 5.573796526000000
1.835635636000000 5.577481763000000
1.837637638000000 5.581166999000000
1.839639640000000 5.584852235000000
1.841641642000000 5.588537471000000
1.843643644000000 5.592222708000000
1.845645646000000 5.595646199000000
1.847647648000000 5.599055004000000
1.849649650000000 5.602463810000000
1.851651652000000 5.605872616000000
1.853653654000000 5.609281422000000
1.855655656000000 5.612690227000000
1.857657658000000 5.616867448000000
1.859659660000000 5.621369111000000
1.861661662000000 5.625870774000000
1.863663664000000 5.630372436000000
1.865665666000000 5.634874099000000
1.867667668000000 5.639375762000000
1.869669670000000 5.643736718000000
1.871671672000000 5.647932080000000
1.873673674000000 5.652127442000000
1.875675676000000 5.656322805000000
1.877677678000000 5.660518167000000
1.879679680000000 5.664713530000000
1.881681682000000 5.668546932000000
1.883683684000000 5.671063640000000
1.885685686000000 5.673580347000000
1.887687688000000 5.676097054000000
1.889689690000000 5.678613761000000
1.891691692000000 5.681130469000000
1.893693694000000 5.683647176000000
1.895695696000000 5.686070258000000
1.897697698000000 5.688490631000000
1.899699700000000 5.690911005000000
1.901701702000000 5.693331378000000
1.903703704000000 5.695751751000000
1.905705706000000 5.698172124000000
1.907707708000000 5.700533791000000
1.909709710000000 5.702873536000000
1.911711712000000 5.705213282000000
1.913713714000000 5.707553028000000
1.915715716000000 5.709892774000000
1.917717718000000 5.712232520000000
1.919719720000000 5.716121108000000
1.921721722000000 5.721658464000000
1.923723724000000 5.727195819000000
1.925725726000000 5.732733175000000
1.927727728000000 5.738270530000000
1.929729730000000 5.743807885000000
1.931731732000000 5.749345241000000
1.933733734000000 5.754882596000000
1.935735736000000 5.760419952000000
1.937737738000000 5.765957307000000
1.939739740000000 5.771494663000000
1.941741742000000 5.777032018000000
1.943743744000000 5.783018687000000
1.945745746000000 5.789279284000000
1.947747748000000 5.795539880000000
1.949749750000000 5.801800477000000
1.951751752000000 5.808061073000000
1.953753754000000 5.814321670000000
1.955755756000000 5.820582267000000
1.957757758000000 5.826842863000000
1.959759760000000 5.833103460000000
1.961761762000000 5.836036461000000
1.963763764000000 5.829279567000000
1.965765766000000 5.822522674000000
1.967767768000000 5.815765780000000
1.969769770000000 5.810814806000000
1.971771772000000 5.807603274000000
1.973773774000000 5.804391742000000
1.975775776000000 5.801180211000000
1.977777778000000 5.797968679000000
1.979779780000000 5.794757148000000
1.981781782000000 5.792852867000000
1.983783784000000 5.794562752000000
1.985785786000000 5.796272637000000
1.987787788000000 5.797982523000000
1.989789790000000 5.799692408000000
1.991791792000000 5.801402293000000
1.993793794000000 5.803102813000000
1.995795796000000 5.804384591000000
1.997797798000000 5.805666369000000
1.999799800000000 5.806948148000000
2.001801802000000 5.808229926000000
2.003803804000000 5.809511704000000
2.005805806000000 5.810793482000000
2.007807808000000 5.812195533000000
2.009809810000000 5.813631879000000
2.011811812000000 5.815068225000000
2.013813814000000 5.816504570000000
2.015815816000000 5.817940916000000
2.017817818000000 5.819377262000000
2.019819820000000 5.820775130000000
2.021821822000000 5.822139472000000
2.023823824000000 5.823503814000000
2.025825826000000 5.824868156000000
2.027827828000000 5.826232497000000
2.029829830000000 5.827596839000000
2.031831832000000 5.828814488000000
2.033833834000000 5.829674079000000
2.035835836000000 5.830533670000000
2.037837838000000 5.831393260000000
2.039839840000000 5.832252851000000
2.041841842000000 5.833112442000000
2.043843844000000 5.833980766000000
2.045845846000000 5.835026643000000
2.047847848000000 5.836072521000000
2.049849850000000 5.837118399000000
2.051851852000000 5.838164277000000
2.053853854000000 5.839210155000000
2.055855856000000 5.840256033000000
2.057857858000000 5.841301911000000
2.059859860000000 5.842347789000000
2.061861862000000 5.843393667000000
2.063863864000000 5.844439545000000
2.065865866000000 5.845485423000000
2.067867868000000 5.846531301000000
2.069869870000000 5.847577179000000
2.071871872000000 5.848623056000000
2.073873874000000 5.849668934000000
2.075875876000000 5.850712858000000
2.077877878000000 5.851754270000000
2.079879880000000 5.852795681000000
2.081881882000000 5.853837092000000
2.083883884000000 5.854878504000000
2.085885886000000 5.855919915000000
2.087887888000000 5.856961327000000
2.089889890000000 5.858002738000000
2.091891892000000 5.859044150000000
2.093893894000000 5.860085561000000
2.095895896000000 5.861126972000000
2.097897898000000 5.862168384000000
2.099899900000000 5.863209795000000
2.101901902000000 5.864251207000000
2.103903904000000 5.865292618000000
2.105905906000000 5.866334029000000
2.107907908000000 5.867375441000000
2.109909910000000 5.868416852000000
2.111911912000000 5.869458264000000
2.113913914000000 5.870499675000000
2.115915916000000 5.871541087000000
2.117917918000000 5.872582498000000
2.119919920000000 5.873623909000000
2.121921922000000 5.874665321000000
2.123923924000000 5.875706732000000
2.125925926000000 5.876713207000000
2.127927928000000 5.877679079000000
2.129929930000000 5.878644951000000
2.131931932000000 5.879610823000000
2.133933934000000 5.880576696000000
2.135935936000000 5.881542568000000
2.137937938000000 5.882508440000000
2.139939940000000 5.883474312000000
2.141941942000000 5.884440184000000
2.143943944000000 5.885406057000000
2.145945946000000 5.886371929000000
2.147947948000000 5.887337801000000
2.149949950000000 5.888303673000000
2.151951952000000 5.889269546000000
2.153953954000000 5.890235418000000
2.155955956000000 5.891201290000000
2.157957958000000 5.892167162000000
2.159959960000000 5.893133034000000
2.161961962000000 5.894098907000000
2.163963964000000 5.895064779000000
2.165965966000000 5.896030651000000
2.167967968000000 5.896996523000000
2.169969970000000 5.897962395000000
2.171971972000000 5.898928268000000
2.173973974000000 5.899894140000000
2.175975976000000 5.900389149000000
2.177977978000000 5.900389149000000
2.179979980000000 5.900389149000000
2.181981982000000 5.900389149000000
2.183983984000000 5.900389149000000
2.185985986000000 5.900389149000000
2.187987988000000 5.900389149000000
2.189989990000000 5.900389149000000
2.191991992000000 5.900389149000000
2.193993994000000 5.900389149000000
2.195995996000000 5.900389149000000
2.197997998000000 5.900389149000000
2.200000000000000 5.900389149000000
