0.200000000000000 0.171922287000000
0.202002002000000 0.171922287000000
0.204004004000000 0.171922287000000
0.206006006000000 0.171922287000000
0.208008008000000 0.173928655000000
0.210010010000000 0.176213487000000
0.212012012000000 0.178498319000000
0.214014014000000 0.180783151000000
0.216016016000000 0.183067983000000
0.218018018000000 0.185352815000000
0.220020020000000 0.188637708000000
0.222022022000000 0.192498990000000
0.224024024000000 0.196360273000000
0.226026026000000 0.200221556000000
0.228028028000000 0.204082839000000
0.230030030000000 0.207944122000000
0.232032032000000 0.211994292000000
0.234034034000000 0.216339126000000
0.236036036000000 0.220683960000000
0.238038038000000 0.225028794000000
0.240040040000000 0.229373628000000
0.242042042000000 0.233718462000000
0.244044044000000 0.237872697000000
0.246046046000000 0.240919840000000
0.248048048000000 0.243966983000000
0.250050050000000 0.247014126000000
0.252052052000000 0.250061268000000
0.254054054000000 0.253108411000000
0.256056056000000 0.256155554000000
0.258058058000000 0.260774689000000
0.260060060000000 0.265562446000000
0.262062062000000 0.270350203000000
0.264064064000000 0.275137960000000
0.266066066000000 0.279925717000000
0.268068068000000 0.284713474000000
0.270070070000000 0.289594723000000
0.272072072000000 0.294524269000000
0.274074074000000 0.299453814000000
0.276076076000000 0.304383360000000
0.278078078000000 0.309312905000000
0.280080080000000 0.314242451000000
0.282082082000000 0.317939482000000
0.284084084000000 0.319903580000000
0.286086086000000 0.321867677000000
0.288088088000000 0.323831775000000
0.290090090000000 0.325795872000000
0.292092092000000 0.327759969000000
0.294094094000000 0.329723271000000
0.296096096000000 0.331682738000000
0.298098098000000 0.333642205000000
0.300100100000000 0.335601673000000
0.302102102000000 0.337561140000000
0.304104104000000 0.339520607000000
0.306106106000000 0.341480074000000
0.308108108000000 0.342934253000000
0.310110110000000 0.344349302000000
0.312112112000000 0.345764350000000
0.314114114000000 0.347179399000000
0.316116116000000 0.348594448000000
0.318118118000000 0.350009496000000
0.320120120000000 0.352573439000000
0.322122122000000 0.355667238000000
0.324124124000000 0.358761037000000
0.326126126000000 0.361854836000000
0.328128128000000 0.364948635000000
0.330130130000000 0.368042433000000
0.332132132000000 0.372006520000000
0.334134134000000 0.377075442000000
0.336136136000000 0.382144363000000
0.338138138000000 0.387213284000000
0.340140140000000 0.392282206000000
0.342142142000000 0.397351127000000
0.344144144000000 0.402071941000000
0.346146146000000 0.405372700000000
0.348148148000000 0.408673459000000
0.350150150000000 0.411974218000000
0.352152152000000 0.415274977000000
0.354154154000000 0.418575736000000
0.356156156000000 0.421876494000000
0.358158158000000 0.426654743000000
0.360160160000000 0.431505655000000
0.362162162000000 0.436356566000000
0.364164164000000 0.441207478000000
0.366166166000000 0.446058390000000
0.368168168000000 0.450909302000000
0.370170170000000 0.455643580000000
0.372172172000000 0.460330075000000
0.374174174000000 0.465016570000000
0.376176176000000 0.469703065000000
0.378178178000000 0.474389560000000
0.380180180000000 0.479076054000000
0.382182182000000 0.482776600000000
0.384184184000000 0.485345621000000
0.386186186000000 0.487914642000000
0.388188188000000 0.490483663000000
0.390190190000000 0.493052684000000
0.392192192000000 0.495621705000000
0.394194194000000 0.498039783000000
0.396196196000000 0.499928493000000
0.398198198000000 0.501817204000000
0.400200200000000 0.503705915000000
0.402202202000000 0.505594625000000
0.404204204000000 0.507483336000000
0.406206206000000 0.509372047000000
0.408208208000000 0.510707093000000
0.410210210000000 0.512029757000000
0.412212212000000 0.513352421000000
0.414214214000000 0.514675085000000
0.416216216000000 0.515997749000000
0.418218218000000 0.517320413000000
0.420220220000000 0.518141140000000
0.422222222000000 0.518780316000000
0.424224224000000 0.519419492000000
0.426226226000000 0.520058668000000
0.428228228000000 0.520697844000000
0.430230230000000 0.521337020000000
0.432232232000000 0.521754190000000
0.434234234000000 0.521940872000000
0.436236236000000 0.522127553000000
0.438238238000000 0.522314234000000
0.440240240000000 0.522500916000000
0.442242242000000 0.522687597000000
0.444244244000000 0.522980172000000
0.446246246000000 0.523595789000000
0.448248248000000 0.524211406000000
0.450250250000000 0.524827023000000
0.452252252000000 0.525442640000000
0.454254254000000 0.526058258000000
0.456256256000000 0.526677244000000
0.458258258000000 0.528371051000000
0.460260260000000 0.530064857000000
0.462262262000000 0.531758664000000
0.464264264000000 0.533452470000000
0.466266266000000 0.535146277000000
0.468268268000000 0.536840083000000
0.470270270000000 0.540572370000000
0.472272272000000 0.544950594000000
0.474274274000000 0.549328818000000
0.476276276000000 0.553707042000000
0.478278278000000 0.558085266000000
0.480280280000000 0.562463490000000
0.482282282000000 0.567095589000000
0.484284284000000 0.571966177000000
0.486286286000000 0.576836764000000
0.488288288000000 0.581707351000000
0.490290290000000 0.586577939000000
0.492292292000000 0.591448526000000
0.494294294000000 0.595924770000000
0.496296296000000 0.599344898000000
0.498298298000000 0.602765027000000
0.500300300000000 0.606185155000000
0.502302302000000 0.609605284000000
0.504304304000000 0.613025412000000
0.506306306000000 0.616447178000000
0.508308308000000 0.619925528000000
0.510310310000000 0.623403879000000
0.512312312000000 0.626882229000000
0.514314314000000 0.630360579000000
0.516316316000000 0.633838930000000
0.518318318000000 0.637317280000000
0.520320320000000 0.642259890000000
0.522322322000000 0.647605025000000
0.524324324000000 0.652950160000000
0.526326326000000 0.658295295000000
0.528328328000000 0.663640430000000
0.530330330000000 0.668985565000000
0.532332332000000 0.674372258000000
0.534334334000000 0.679794263000000
0.536336336000000 0.685216268000000
0.538338338000000 0.690638274000000
0.540340340000000 0.696060279000000
0.542342342000000 0.701482284000000
0.544344344000000 0.706388182000000
0.546346346000000 0.710071723000000
0.548348348000000 0.713755263000000
0.550350350000000 0.717438803000000
0.552352352000000 0.721122343000000
0.554354354000000 0.724805883000000
0.556356356000000 0.728492493000000
0.558358358000000 0.732233819000000
0.560360360000000 0.735975145000000
0.562362362000000 0.739716471000000
0.564364364000000 0.743457797000000
0.566366366000000 0.747199123000000
0.568368368000000 0.750940449000000
0.570370370000000 0.756273502000000
0.572372372000000 0.761981440000000
0.574374374000000 0.767689379000000
0.576376376000000 0.773397318000000
0.578378378000000 0.779105256000000
0.580380380000000 0.784813195000000
0.582382382000000 0.790557263000000
0.584384384000000 0.796329076000000
0.586386386000000 0.802100890000000
0.588388388000000 0.807872704000000
0.590390390000000 0.813644517000000
0.592392392000000 0.819416331000000
0.594394394000000 0.824592332000000
0.596396396000000 0.828513077000000
0.598398398000000 0.832433822000000
0.600400400000000 0.836354566000000
0.602402402000000 0.840275311000000
0.604404404000000 0.844196056000000
0.606406406000000 0.848120394000000
0.608408408000000 0.852087126000000
0.610410410000000 0.856053859000000
0.612412412000000 0.860020591000000
0.614414414000000 0.863987323000000
0.616416416000000 0.867954055000000
0.618418418000000 0.871920788000000
0.620420420000000 0.877627887000000
0.622422422000000 0.883680452000000
0.624424424000000 0.889733018000000
0.626426426000000 0.895785583000000
0.628428428000000 0.901838148000000
0.630430430000000 0.907890714000000
0.632432432000000 0.913984110000000
0.634434434000000 0.920105807000000
0.636436436000000 0.926227505000000
0.638438438000000 0.932349202000000
0.640440440000000 0.938470900000000
0.642442442000000 0.944592597000000
0.644444444000000 0.950031023000000
0.646446446000000 0.954182930000000
0.648448448000000 0.958334836000000
0.650450450000000 0.962486743000000
0.652452452000000 0.966638649000000
0.654454454000000 0.970790556000000
0.656456456000000 0.975167536000000
0.658458458000000 0.981501980000000
0.660460460000000 0.987836424000000
0.662462462000000 0.994170867000000
0.664464464000000 1.000505311000000
0.666466466000000 1.006839754000000
0.668468468000000 1.013174198000000
0.670470470000000 1.019568634000000
0.672472472000000 1.025972887000000
0.674474474000000 1.032377140000000
0.676476476000000 1.038781393000000
0.678478478000000 1.045185646000000
0.680480480000000 1.051589899000000
0.682482482000000 1.056722743000000
0.684484484000000 1.061061762000000
0.686486486000000 1.065400781000000
0.688488488000000 1.069739801000000
0.690490490000000 1.074078820000000
0.692492492000000 1.078417839000000
0.694494494000000 1.082774282000000
0.696496496000000 1.087160153000000
0.698498498000000 1.091546025000000
0.700500501000000 1.095931896000000
0.702502503000000 1.100317768000000
0.704504505000000 1.104703639000000
0.706506507000000 1.109383646000000
0.708508509000000 1.116065205000000
0.710510511000000 1.122746764000000
0.712512513000000 1.129428323000000
0.714514515000000 1.136109883000000
0.716516517000000 1.142791442000000
0.718518519000000 1.149473001000000
0.720520521000000 1.156215731000000
0.722522523000000 1.162966458000000
0.724524525000000 1.169717186000000
0.726526527000000 1.176467913000000
0.728528529000000 1.183218641000000
0.730530531000000 1.189969368000000
0.732532533000000 1.195323041000000
0.734534535000000 1.199892999000000
0.736536537000000 1.204462958000000
0.738538539000000 1.209032916000000
0.740540541000000 1.213602875000000
0.742542543000000 1.218172834000000
0.744544545000000 1.222760868000000
0.746546547000000 1.227376371000000
0.748548549000000 1.231991874000000
0.750550551000000 1.236607377000000
0.752552553000000 1.241222880000000
0.754554555000000 1.245838384000000
0.756556557000000 1.250460878000000
0.758558559000000 1.255122037000000
0.760560561000000 1.259783197000000
0.762562563000000 1.264444357000000
0.764564565000000 1.269105516000000
0.766566567000000 1.273766676000000
0.768568569000000 1.278427835000000
0.770570571000000 1.285300214000000
0.772572573000000 1.292392954000000
0.774574575000000 1.299485694000000
0.776576577000000 1.306578434000000
0.778578579000000 1.313671175000000
0.780580581000000 1.320763915000000
0.782582583000000 1.327900292000000
0.784584585000000 1.335058591000000
0.786586587000000 1.342216889000000
0.788588589000000 1.349375187000000
0.790590591000000 1.356533485000000
0.792592593000000 1.363691784000000
0.794594595000000 1.369871229000000
0.796596597000000 1.374709283000000
0.798598599000000 1.379547336000000
0.800600601000000 1.384385390000000
0.802602603000000 1.389223444000000
0.804604605000000 1.394061498000000
0.806606607000000 1.398907539000000
0.808608609000000 1.403790436000000
0.810610611000000 1.408673332000000
0.812612613000000 1.413556228000000
0.814614615000000 1.418439125000000
0.816616617000000 1.423322021000000
0.818618619000000 1.428204917000000
0.820620621000000 1.435458974000000
0.822622623000000 1.442879568000000
0.824624625000000 1.450300162000000
0.826626627000000 1.457720756000000
0.828628629000000 1.465141349000000
0.830630631000000 1.472561943000000
0.832632633000000 1.480026041000000
0.834634635000000 1.487509628000000
0.836636637000000 1.494993215000000
0.838638639000000 1.502476802000000
0.840640641000000 1.509960389000000
0.842642643000000 1.517443975000000
0.844644645000000 1.523840354000000
0.846646647000000 1.528891027000000
0.848648649000000 1.533941700000000
0.850650651000000 1.538992373000000
0.852652653000000 1.544043046000000
0.854654655000000 1.549093719000000
0.856656657000000 1.554674240000000
0.858658659000000 1.562333396000000
0.860660661000000 1.569992552000000
0.862662663000000 1.577651708000000
0.864664665000000 1.585310864000000
0.866666667000000 1.592970020000000
0.868668669000000 1.600629176000000
0.870670671000000 1.608336515000000
0.872672673000000 1.616045894000000
0.874674675000000 1.623755272000000
0.876676677000000 1.631464651000000
0.878678679000000 1.639174030000000
0.880680681000000 1.646883409000000
0.882682683000000 1.652791608000000
0.884684685000000 1.657984055000000
0.886686687000000 1.663176502000000
0.888688689000000 1.668368949000000
0.890690691000000 1.673561396000000
0.892692693000000 1.678753843000000
0.894694695000000 1.683963663000000
0.896696697000000 1.689192927000000
0.898698699000000 1.694422190000000
0.900700701000000 1.699651454000000
0.902702703000000 1.704880718000000
0.904704705000000 1.710109982000000
0.906706707000000 1.715949460000000
0.908708709000000 1.723853637000000
0.910710711000000 1.731757814000000
0.912712713000000 1.739661991000000
0.914714715000000 1.747566168000000
0.916716717000000 1.755470345000000
0.918718719000000 1.763374521000000
0.920720721000000 1.771309284000000
0.922722723000000 1.779244531000000
0.924724725000000 1.787179779000000
0.926726727000000 1.795115027000000
0.928728729000000 1.803050275000000
0.930730731000000 1.810985522000000
0.932732733000000 1.816976050000000
0.934734735000000 1.822285516000000
0.936736737000000 1.827594981000000
0.938738739000000 1.832904446000000
0.940740741000000 1.838213912000000
0.942742743000000 1.843523377000000
0.944744745000000 1.848840347000000
0.946746747000000 1.854164914000000
0.948748749000000 1.859489482000000
0.950750751000000 1.864814050000000
0.952752753000000 1.870138618000000
0.954754755000000 1.875463186000000
0.956756757000000 1.881482536000000
0.958758759000000 1.889551924000000
0.960760761000000 1.897621312000000
0.962762763000000 1.905690700000000
0.964764765000000 1.913760088000000
0.966766767000000 1.921829476000000
0.968768769000000 1.929896868000000
0.970770771000000 1.937753365000000
0.972772773000000 1.945609862000000
0.974774775000000 1.953466359000000
0.976776777000000 1.961322856000000
0.978778779000000 1.969179353000000
0.980780781000000 1.977035850000000
0.982782783000000 1.982703824000000
0.984784785000000 1.987701841000000
0.986786787000000 1.992699859000000
0.988788789000000 1.997697877000000
0.990790791000000 2.002695894000000
0.992792793000000 2.007693912000000
0.994794795000000 2.012693877000000
0.996796797000000 2.017695626000000
0.998798799000000 2.022697376000000
1.000800801000000 2.027699125000000
1.002802803000000 2.032700875000000
1.004804805000000 2.037702624000000
1.006806807000000 2.042645816000000
1.008808809000000 2.047437020000000
1.010810811000000 2.052228224000000
1.012812813000000 2.057019428000000
1.014814815000000 2.061810632000000
1.016816817000000 2.066601836000000
1.018818819000000 2.071448280000000
1.020820821000000 2.077846436000000
1.022822823000000 2.084244593000000
1.024824825000000 2.090642750000000
1.026826827000000 2.097040907000000
1.028828829000000 2.103439064000000
1.030830831000000 2.109837221000000
1.032832833000000 2.115700722000000
1.034834835000000 2.121422633000000
1.036836837000000 2.127144545000000
1.038838839000000 2.132866457000000
1.040840841000000 2.138588369000000
1.042842843000000 2.144310280000000
1.044844845000000 2.148553026000000
1.046846847000000 2.151570177000000
1.048848849000000 2.154587328000000
1.050850851000000 2.157604480000000
1.052852853000000 2.160621631000000
1.054854855000000 2.163638782000000
1.056856857000000 2.166743157000000
1.058858859000000 2.170048057000000
1.060860861000000 2.173352958000000
1.062862863000000 2.176657858000000
1.064864865000000 2.179962759000000
1.066866867000000 2.183267659000000
1.068868869000000 2.186531955000000
1.070870871000000 2.189152978000000
1.072872873000000 2.191774001000000
1.074874875000000 2.194395024000000
1.076876877000000 2.197016047000000
1.078878879000000 2.199637070000000
1.080880881000000 2.202258093000000
1.082882883000000 2.203738195000000
1.084884885000000 2.204960389000000
1.086886887000000 2.206182582000000
1.088888889000000 2.207404776000000
1.090890891000000 2.208626969000000
1.092892893000000 2.209849163000000
1.094894895000000 2.210925150000000
1.096896897000000 2.211891682000000
1.098898899000000 2.212858215000000
1.100900901000000 2.213824747000000
1.102902903000000 2.214791279000000
1.104904905000000 2.215757812000000
1.106906907000000 2.216667877000000
1.108908909000000 2.217462318000000
1.110910911000000 2.218256759000000
1.112912913000000 2.219051200000000
1.114914915000000 2.219845641000000
1.116916917000000 2.220640082000000
1.118918919000000 2.221449305000000
1.120920921000000 2.222418931000000
1.122922923000000 2.223388557000000
1.124924925000000 2.224358183000000
1.126926927000000 2.225327809000000
1.128928929000000 2.226297435000000
1.130930931000000 2.227267061000000
1.132932933000000 2.228121204000000
1.134934935000000 2.228953452000000
1.136936937000000 2.229785700000000
1.138938939000000 2.230617948000000
1.140940941000000 2.231450197000000
1.142942943000000 2.232282445000000
1.144944945000000 2.232893192000000
1.146946947000000 2.233354338000000
1.148948949000000 2.233815484000000
1.150950951000000 2.234276630000000
1.152952953000000 2.234737776000000
1.154954955000000 2.235198922000000
1.156956957000000 2.235650443000000
1.158958959000000 2.236084332000000
1.160960961000000 2.236518221000000
1.162962963000000 2.236952109000000
1.164964965000000 2.237385998000000
1.166966967000000 2.237819887000000
1.168968969000000 2.238269110000000
1.170970971000000 2.238843193000000
1.172972973000000 2.239417276000000
1.174974975000000 2.239991359000000
1.176976977000000 2.240565442000000
1.178978979000000 2.241139525000000
1.180980981000000 2.241713608000000
1.182982983000000 2.242260097000000
1.184984985000000 2.242802302000000
1.186986987000000 2.243344507000000
1.188988989000000 2.243886712000000
1.190990991000000 2.244428917000000
1.192992993000000 2.244971122000000
1.194994995000000 2.245391270000000
1.196996997000000 2.245737202000000
1.198998999000000 2.246083135000000
1.201001001000000 2.246429067000000
1.203003003000000 2.246774999000000
1.205005005000000 2.247120932000000
1.207007007000000 2.247525596000000
1.209009009000000 2.248026853000000
1.211011011000000 2.248528110000000
1.213013013000000 2.249029367000000
1.215015015000000 2.249530624000000
1.217017017000000 2.250031882000000
1.219019019000000 2.250532008000000
1.221021021000000 2.251024850000000
1.223023023000000 2.251517693000000
1.225025025000000 2.252010535000000
1.227027027000000 2.252503378000000
1.229029029000000 2.252996220000000
1.231031031000000 2.253489063000000
1.233033033000000 2.253829603000000
1.235035035000000 2.254151440000000
1.237037037000000 2.254473277000000
1.239039039000000 2.254795113000000
1.241041041000000 2.255116950000000
1.243043043000000 2.255438787000000
1.245045045000000 2.255761670000000
1.247047047000000 2.256085126000000
1.249049049000000 2.256408581000000
1.251051051000000 2.256732037000000
1.253053053000000 2.257055492000000
1.255055055000000 2.257378948000000
1.257057057000000 2.257703459000000
1.259059059000000 2.258029536000000
1.261061061000000 2.258355612000000
1.263063063000000 2.258681688000000
1.265065065000000 2.259007764000000
1.267067067000000 2.259333840000000
1.269069069000000 2.259686734000000
1.271071071000000 2.260181081000000
1.273073073000000 2.260675427000000
1.275075075000000 2.261169774000000
1.277077077000000 2.261664120000000
1.279079079000000 2.262158467000000
1.281081081000000 2.262652813000000
1.283083083000000 2.263161381000000
1.285085085000000 2.263671258000000
1.287087087000000 2.264181136000000
1.289089089000000 2.264691014000000
1.291091091000000 2.265200892000000
1.293093093000000 2.265710769000000
1.295095095000000 2.266112612000000
1.297097097000000 2.266461693000000
1.299099099000000 2.266810773000000
1.301101101000000 2.267159854000000
1.303103103000000 2.267508935000000
1.305105105000000 2.267858016000000
1.307107107000000 2.268281671000000
1.309109109000000 2.268804942000000
1.311111111000000 2.269328212000000
1.313113113000000 2.269851482000000
1.315115115000000 2.270374752000000
1.317117117000000 2.270898023000000
1.319119119000000 2.271426331000000
1.321121121000000 2.271976923000000
1.323123123000000 2.272527516000000
1.325125125000000 2.273078109000000
1.327127127000000 2.273628701000000
1.329129129000000 2.274179294000000
1.331131131000000 2.274729887000000
1.333133133000000 2.275180445000000
1.335135135000000 2.275624689000000
1.337137137000000 2.276068933000000
1.339139139000000 2.276513177000000
1.341141141000000 2.276957421000000
1.343143143000000 2.277401665000000
1.345145145000000 2.277960974000000
1.347147147000000 2.278570335000000
1.349149149000000 2.279179695000000
1.351151151000000 2.279789055000000
1.353153153000000 2.280398416000000
1.355155155000000 2.281007776000000
1.357157157000000 2.281568624000000
1.359159159000000 2.282070924000000
1.361161161000000 2.282573223000000
1.363163163000000 2.283075523000000
1.365165165000000 2.283577822000000
1.367167167000000 2.284080121000000
1.369169169000000 2.284582421000000
1.371171171000000 2.285084720000000
1.373173173000000 2.285587019000000
1.375175175000000 2.286089319000000
1.377177177000000 2.286591618000000
1.379179179000000 2.287093917000000
1.381181181000000 2.287596217000000
1.383183183000000 2.287997198000000
1.385185185000000 2.288394573000000
1.387187187000000 2.288791948000000
1.389189189000000 2.289189323000000
1.391191191000000 2.289586697000000
1.393193193000000 2.289984072000000
1.395195195000000 2.290381447000000
1.397197197000000 2.290778822000000
1.399199199000000 2.291176197000000
1.401201201000000 2.291573571000000
1.403203203000000 2.291970946000000
1.405205205000000 2.292368321000000
1.407207207000000 2.292744392000000
1.409209209000000 2.293097211000000
1.411211211000000 2.293450029000000
1.413213213000000 2.293802847000000
1.415215215000000 2.294155665000000
1.417217217000000 2.294508484000000
1.419219219000000 2.294926782000000
1.421221221000000 2.295558980000000
1.423223223000000 2.296191178000000
1.425225225000000 2.296823376000000
1.427227227000000 2.297455575000000
1.429229229000000 2.298087773000000
1.431231231000000 2.298719971000000
1.433233233000000 2.299369461000000
1.435235235000000 2.300019115000000
1.437237237000000 2.300668769000000
1.439239239000000 2.301318423000000
1.441241241000000 2.301968077000000
1.443243243000000 2.302617731000000
1.445245245000000 2.303121206000000
1.447247247000000 2.303575138000000
1.449249249000000 2.304029071000000
1.451251251000000 2.304483003000000
1.453253253000000 2.304936936000000
1.455255255000000 2.305390868000000
1.457257257000000 2.305984608000000
1.459259259000000 2.306716418000000
1.461261261000000 2.307448229000000
1.463263263000000 2.308180039000000
1.465265265000000 2.308911849000000
1.467267267000000 2.309643659000000
1.469269269000000 2.310379032000000
1.471271271000000 2.311124579000000
1.473273273000000 2.311870126000000
1.475275275000000 2.312615673000000
1.477277277000000 2.313361220000000
1.479279279000000 2.314106767000000
1.481281281000000 2.314848615000000
1.483283283000000 2.315357425000000
1.485285285000000 2.315866235000000
1.487287287000000 2.316375044000000
1.489289289000000 2.316883854000000
1.491291291000000 2.317392664000000
1.493293293000000 2.317901474000000
1.495295295000000 2.318421312000000
1.497297297000000 2.318944410000000
1.499299299000000 2.319467508000000
1.501301301000000 2.319990606000000
1.503303303000000 2.320513704000000
1.505305305000000 2.321036802000000
1.507307307000000 2.321565580000000
1.509309309000000 2.322099432000000
1.511311311000000 2.322633284000000
1.513313313000000 2.323167136000000
1.515315315000000 2.323700988000000
1.517317317000000 2.324234841000000
1.519319319000000 2.324848917000000
1.521321321000000 2.325664874000000
1.523323323000000 2.326480832000000
1.525325325000000 2.327296790000000
1.527327327000000 2.328112747000000
1.529329329000000 2.328928705000000
1.531331331000000 2.329745028000000
1.533333333000000 2.330569975000000
1.535335335000000 2.331394921000000
1.537337337000000 2.332219868000000
1.539339339000000 2.333044815000000
1.541341341000000 2.333869762000000
1.543343343000000 2.334694709000000
1.545345345000000 2.335311590000000
1.547347347000000 2.335875435000000
1.549349349000000 2.336439280000000
1.551351351000000 2.337003125000000
1.553353353000000 2.337566969000000
1.555355355000000 2.338130814000000
1.557357357000000 2.338858577000000
1.559359359000000 2.339718771000000
1.561361361000000 2.340578965000000
1.563363363000000 2.341439159000000
1.565365365000000 2.342299353000000
1.567367367000000 2.343159547000000
1.569369369000000 2.344021348000000
1.571371371000000 2.344886737000000
1.573373373000000 2.345752126000000
1.575375375000000 2.346617515000000
1.577377377000000 2.347482904000000
1.579379379000000 2.348348293000000
1.581381381000000 2.349193729000000
1.583383383000000 2.349755082000000
1.585385385000000 2.350316435000000
1.587387387000000 2.350877788000000
1.589389389000000 2.351439141000000
1.591391391000000 2.352000494000000
1.593393393000000 2.352561847000000
1.595395395000000 2.353127000000000
1.597397397000000 2.353692977000000
1.599399399000000 2.354258953000000
1.601401401000000 2.354824930000000
1.603403403000000 2.355390907000000
1.605405405000000 2.355956884000000
1.607407407000000 2.356539029000000
1.609409409000000 2.357132974000000
1.611411411000000 2.357726919000000
1.613413413000000 2.358320864000000
1.615415415000000 2.358914808000000
1.617417417000000 2.359508753000000
1.619419419000000 2.360204874000000
1.621421421000000 2.361104393000000
1.623423423000000 2.362003911000000
1.625425425000000 2.362903430000000
1.627427427000000 2.363802948000000
1.629429429000000 2.364702467000000
1.631431431000000 2.365602271000000
1.633433433000000 2.366504941000000
1.635435435000000 2.367407611000000
1.637437437000000 2.368310281000000
1.639439439000000 2.369212951000000
1.641441441000000 2.370115621000000
1.643443443000000 2.371018291000000
1.645445445000000 2.371670328000000
1.647447447000000 2.372277047000000
1.649449449000000 2.372883766000000
1.651451451000000 2.373490486000000
1.653453453000000 2.374097205000000
1.655455455000000 2.374703924000000
1.657457457000000 2.375312860000000
1.659459459000000 2.375923255000000
1.661461461000000 2.376533649000000
1.663463463000000 2.377144044000000
1.665465465000000 2.377754438000000
1.667467467000000 2.378364833000000
1.669469469000000 2.379084765000000
1.671471471000000 2.379999961000000
1.673473473000000 2.380915156000000
1.675475475000000 2.381830352000000
1.677477477000000 2.382745547000000
1.679479479000000 2.383660743000000
1.681481481000000 2.384576117000000
1.683483483000000 2.385492853000000
1.685485485000000 2.386409590000000
1.687487487000000 2.387326327000000
1.689489489000000 2.388243064000000
1.691491491000000 2.389159801000000
1.693493493000000 2.390076538000000
1.695495495000000 2.390728465000000
1.697497497000000 2.391341478000000
1.699499499000000 2.391954491000000
1.701501502000000 2.392567504000000
1.703503504000000 2.393180516000000
1.705505506000000 2.393793529000000
1.707507508000000 2.394599042000000
1.709509510000000 2.395518523000000
1.711511512000000 2.396438003000000
1.713513514000000 2.397357484000000
1.715515516000000 2.398276964000000
1.717517518000000 2.399196445000000
1.719519520000000 2.400115691000000
1.721521522000000 2.401034562000000
1.723523524000000 2.401953432000000
1.725525526000000 2.402872303000000
1.727527528000000 2.403791173000000
1.729529530000000 2.404710044000000
1.731531532000000 2.405585422000000
1.733533534000000 2.406195009000000
1.735535536000000 2.406804597000000
1.737537538000000 2.407414184000000
1.739539540000000 2.408023772000000
1.741541542000000 2.408633359000000
1.743543544000000 2.409242947000000
1.745545546000000 2.409853072000000
1.747547548000000 2.410463259000000
1.749549550000000 2.411073445000000
1.751551552000000 2.411683632000000
1.753553554000000 2.412293819000000
1.755555556000000 2.412904006000000
1.757557558000000 2.413514387000000
1.759559560000000 2.414124872000000
1.761561562000000 2.414735357000000
1.763563564000000 2.415345842000000
1.765565566000000 2.415956327000000
1.767567568000000 2.416566812000000
1.769569570000000 2.417308416000000
1.771571572000000 2.418239191000000
1.773573574000000 2.419169966000000
1.775575576000000 2.420100741000000
1.777577578000000 2.421031516000000
1.779579580000000 2.421962292000000
1.781581582000000 2.422892444000000
1.783583584000000 2.423819457000000
1.785585586000000 2.424746471000000
1.787587588000000 2.425673484000000
1.789589590000000 2.426600498000000
1.791591592000000 2.427527511000000
1.793593594000000 2.428454525000000
1.795595596000000 2.429079067000000
1.797597598000000 2.429677976000000
1.799599600000000 2.430276885000000
1.801601602000000 2.430875793000000
1.803603604000000 2.431474702000000
1.805605606000000 2.432073611000000
1.807607608000000 2.432871061000000
1.809609610000000 2.433762749000000
1.811611612000000 2.434654437000000
1.813613614000000 2.435546125000000
1.815615616000000 2.436437813000000
1.817617618000000 2.437329501000000
1.819619620000000 2.438219092000000
1.821621622000000 2.439105954000000
1.823623624000000 2.439992816000000
1.825625626000000 2.440879677000000
1.827627628000000 2.441766539000000
1.829629630000000 2.442653401000000
1.831631632000000 2.443486429000000
1.833633634000000 2.444090889000000
1.835635636000000 2.444695348000000
1.837637638000000 2.445299808000000
1.839639640000000 2.445904267000000
1.841641642000000 2.446508727000000
1.843643644000000 2.447113186000000
1.845645646000000 2.447714847000000
1.847647648000000 2.448316351000000
1.849649650000000 2.448917855000000
1.851651652000000 2.449519358000000
1.853653654000000 2.450120862000000
1.855655656000000 2.450722366000000
1.857657658000000 2.451528384000000
1.859659660000000 2.452420753000000
1.861661662000000 2.453313122000000
1.863663664000000 2.454205492000000
1.865665666000000 2.455097861000000
1.867667668000000 2.455990230000000
1.869669670000000 2.456896980000000
1.871671672000000 2.457820655000000
1.873673674000000 2.458744330000000
1.875675676000000 2.459668005000000
1.877677678000000 2.460591680000000
1.879679680000000 2.461515355000000
1.881681682000000 2.462376972000000
1.883683684000000 2.463012841000000
1.885685686000000 2.463648710000000
1.887687688000000 2.464284580000000
1.889689690000000 2.464920449000000
1.891691692000000 2.465556319000000
1.893693694000000 2.466192188000000
1.895695696000000 2.466822551000000
1.897697698000000 2.467452755000000
1.899699700000000 2.468082958000000
1.901701702000000 2.468713162000000
1.903703704000000 2.469343365000000
1.905705706000000 2.469973569000000
1.907707708000000 2.470628046000000
1.909709710000000 2.471291586000000
1.911711712000000 2.471955126000000
1.913713714000000 2.472618666000000
1.915715716000000 2.473282206000000
1.917717718000000 2.473945746000000
1.919719720000000 2.474742370000000
1.921721722000000 2.475680663000000
1.923723724000000 2.476618957000000
1.925725726000000 2.477557250000000
1.927727728000000 2.478495544000000
1.929729730000000 2.479433838000000
1.931731732000000 2.480372131000000
1.933733734000000 2.481310425000000
1.935735736000000 2.482248718000000
1.937737738000000 2.483187012000000
1.939739740000000 2.484125306000000
1.941741742000000 2.485063599000000
1.943743744000000 2.486014220000000
1.945745746000000 2.486972357000000
1.947747748000000 2.487930494000000
1.949749750000000 2.488888631000000
1.951751752000000 2.489846768000000
1.953753754000000 2.490804904000000
1.955755756000000 2.491763041000000
1.957757758000000 2.492721178000000
1.959759760000000 2.493679315000000
1.961761762000000 2.494659882000000
1.963763764000000 2.495705764000000
1.965765766000000 2.496751647000000
1.967767768000000 2.497797529000000
1.969769770000000 2.498851235000000
1.971771772000000 2.499912474000000
1.973773774000000 2.500973714000000
1.975775776000000 2.502034954000000
1.977777778000000 2.503096194000000
1.979779780000000 2.504157434000000
1.981781782000000 2.505152514000000
1.983783784000000 2.505964683000000
1.985785786000000 2.506776852000000
1.987787788000000 2.507589021000000
1.989789790000000 2.508401190000000
1.991791792000000 2.509213359000000
1.993793794000000 2.510018358000000
1.995795796000000 2.510502763000000
1.997797798000000 2.510987167000000
1.999799800000000 2.511471572000000
2.001801802000000 2.511955977000000
2.003803804000000 2.512440381000000
2.005805806000000 2.512924786000000
2.007807808000000 2.513329080000000
2.009809810000000 2.513710530000000
2.011811812000000 2.514091981000000
2.013813814000000 2.514473431000000
2.015815816000000 2.514854882000000
2.017817818000000 2.515236332000000
2.019819820000000 2.515526228000000
2.021821822000000 2.515736349000000
2.023823824000000 2.515946470000000
2.025825826000000 2.516156590000000
2.027827828000000 2.516366711000000
2.029829830000000 2.516576831000000
2.031831832000000 2.516769041000000
2.033833834000000 2.516917532000000
2.035835836000000 2.517066024000000
2.037837838000000 2.517214516000000
2.039839840000000 2.517363007000000
2.041841842000000 2.517511499000000
2.043843844000000 2.517674089000000
2.045845846000000 2.518123359000000
2.047847848000000 2.518572629000000
2.049849850000000 2.519021899000000
2.051851852000000 2.519471169000000
2.053853854000000 2.519920439000000
2.055855856000000 2.520369709000000
2.057857858000000 2.520818979000000
2.059859860000000 2.521268249000000
2.061861862000000 2.521717518000000
2.063863864000000 2.522166788000000
2.065865866000000 2.522616058000000
2.067867868000000 2.523065328000000
2.069869870000000 2.523514598000000
2.071871872000000 2.523963868000000
2.073873874000000 2.524413138000000
2.075875876000000 2.524882469000000
2.077877878000000 2.525377594000000
2.079879880000000 2.525872719000000
2.081881882000000 2.526367843000000
2.083883884000000 2.526862968000000
2.085885886000000 2.527358093000000
2.087887888000000 2.527853217000000
2.089889890000000 2.528348342000000
2.091891892000000 2.528843467000000
2.093893894000000 2.529338591000000
2.095895896000000 2.529833716000000
2.097897898000000 2.530328840000000
2.099899900000000 2.530823965000000
2.101901902000000 2.531319090000000
2.103903904000000 2.531814214000000
2.105905906000000 2.532309339000000
2.107907908000000 2.532804464000000
2.109909910000000 2.533299588000000
2.111911912000000 2.533794713000000
2.113913914000000 2.534289838000000
2.115915916000000 2.534784962000000
2.117917918000000 2.535280087000000
2.119919920000000 2.535775212000000
2.121921922000000 2.536270336000000
2.123923924000000 2.536765461000000
2.125925926000000 2.537270033000000
2.127927928000000 2.537785584000000
2.129929930000000 2.538301135000000
2.131931932000000 2.538816687000000
2.133933934000000 2.539332238000000
2.135935936000000 2.539847789000000
2.137937938000000 2.540363340000000
2.139939940000000 2.540878891000000
2.141941942000000 2.541394443000000
2.143943944000000 2.541909994000000
2.145945946000000 2.542425545000000
2.147947948000000 2.542941096000000
2.149949950000000 2.543456647000000
2.151951952000000 2.543972199000000
2.153953954000000 2.544487750000000
2.155955956000000 2.545003301000000
2.157957958000000 2.545518852000000
2.159959960000000 2.546034403000000
2.161961962000000 2.546549955000000
2.163963964000000 2.547065506000000
2.165965966000000 2.547581057000000
2.167967968000000 2.548096608000000
2.169969970000000 2.548612159000000
2.171971972000000 2.549127711000000
2.173973974000000 2.549643262000000
2.175975976000000 2.549907482000000
2.177977978000000 2.549907482000000
2.179979980000000 2.549907482000000
2.181981982000000 2.549907482000000
2.183983984000000 2.549907482000000
2.185985986000000 2.549907482000000
2.187987988000000 2.549907482000000
2.189989990000000 2.549907482000000
2.191991992000000 2.549907482000000
2.193993994000000 2.549907482000000
2.195995996000000 2.549907482000000
2.197997998000000 2.549907482000000
2.200000000000000 2.549907482000000
