0.900000000000000 2.371860397000000
0.900400400000000 2.372656557000000
0.900800801000000 2.373452717000000
0.901201201000000 2.374248877000000
0.901601602000000 2.375045038000000
0.902002002000000 2.375841198000000
0.902402402000000 2.376637358000000
0.902802803000000 2.377433518000000
0.903203203000000 2.378229678000000
0.903603604000000 2.379025838000000
0.904004004000000 2.379821999000000
0.904404404000000 2.380618159000000
0.904804805000000 2.381414319000000
0.905205205000000 2.382210479000000
0.905605606000000 2.383006639000000
0.906006006000000 2.383802800000000
0.906406406000000 2.384844428000000
0.906806807000000 2.386268985000000
0.907207207000000 2.387693543000000
0.907607608000000 2.389118101000000
0.908008008000000 2.390542659000000
0.908408408000000 2.391967216000000
0.908808809000000 2.393391774000000
0.909209209000000 2.394816332000000
0.909609610000000 2.396240890000000
0.910010010000000 2.397665448000000
0.910410410000000 2.399090005000000
0.910810811000000 2.400514563000000
0.911211211000000 2.401939121000000
0.911611612000000 2.403363679000000
0.912012012000000 2.404788237000000
0.912412412000000 2.406212794000000
0.912812813000000 2.407637352000000
0.913213213000000 2.409061910000000
0.913613614000000 2.410486468000000
0.914014014000000 2.411911025000000
0.914414414000000 2.413335583000000
0.914814815000000 2.414760141000000
0.915215215000000 2.416184699000000
0.915615616000000 2.417609257000000
0.916016016000000 2.419033814000000
0.916416416000000 2.420458372000000
0.916816817000000 2.421882930000000
0.917217217000000 2.423307488000000
0.917617618000000 2.424732046000000
0.918018018000000 2.426156603000000
0.918418418000000 2.427581161000000
0.918818819000000 2.429028224000000
0.919219219000000 2.430583720000000
0.919619620000000 2.432139215000000
0.920020020000000 2.433694711000000
0.920420420000000 2.435250207000000
0.920820821000000 2.436805703000000
0.921221221000000 2.438361199000000
0.921621622000000 2.439916695000000
0.922022022000000 2.441472190000000
0.922422422000000 2.443027686000000
0.922822823000000 2.444583182000000
0.923223223000000 2.446138678000000
0.923623624000000 2.447694174000000
0.924024024000000 2.449249669000000
0.924424424000000 2.450805165000000
0.924824825000000 2.452360661000000
0.925225225000000 2.453916157000000
0.925625626000000 2.455471653000000
0.926026026000000 2.457027148000000
0.926426426000000 2.458582644000000
0.926826827000000 2.460138140000000
0.927227227000000 2.461693636000000
0.927627628000000 2.463249132000000
0.928028028000000 2.464804628000000
0.928428428000000 2.466360123000000
0.928828829000000 2.467915619000000
0.929229229000000 2.469471115000000
0.929629630000000 2.471026611000000
0.930030030000000 2.472582107000000
0.930430430000000 2.474137602000000
0.930830831000000 2.475693098000000
0.931231231000000 2.477248594000000
0.931631632000000 2.478406376000000
0.932032032000000 2.479544599000000
0.932432432000000 2.480682821000000
0.932832833000000 2.481821044000000
0.933233233000000 2.482959266000000
0.933633634000000 2.484097488000000
0.934034034000000 2.485235711000000
0.934434434000000 2.486373933000000
0.934834835000000 2.487512156000000
0.935235235000000 2.488650378000000
0.935635636000000 2.489788601000000
0.936036036000000 2.490926823000000
0.936436436000000 2.492065046000000
0.936836837000000 2.493203268000000
0.937237237000000 2.494341491000000
0.937637638000000 2.495479713000000
0.938038038000000 2.496617936000000
0.938438438000000 2.497756158000000
0.938838839000000 2.498894380000000
0.939239239000000 2.500032603000000
0.939639640000000 2.501170825000000
0.940040040000000 2.502309048000000
0.940440440000000 2.503447270000000
0.940840841000000 2.504585493000000
0.941241241000000 2.505723715000000
0.941641642000000 2.506861938000000
0.942042042000000 2.508000160000000
0.942442442000000 2.509138383000000
0.942842843000000 2.510276605000000
0.943243243000000 2.511414827000000
0.943643644000000 2.512553050000000
0.944044044000000 2.513729864000000
0.944444444000000 2.514920638000000
0.944844845000000 2.516111411000000
0.945245245000000 2.517302184000000
0.945645646000000 2.518492957000000
0.946046046000000 2.519683730000000
0.946446446000000 2.520874504000000
0.946846847000000 2.522065277000000
0.947247247000000 2.523256050000000
0.947647648000000 2.524446823000000
0.948048048000000 2.525637596000000
0.948448448000000 2.526828370000000
0.948848849000000 2.528019143000000
0.949249249000000 2.529209916000000
0.949649650000000 2.530400689000000
0.950050050000000 2.531591462000000
0.950450450000000 2.532782236000000
0.950850851000000 2.533973009000000
0.951251251000000 2.535163782000000
0.951651652000000 2.536354555000000
0.952052052000000 2.537545328000000
0.952452452000000 2.538736102000000
0.952852853000000 2.539926875000000
0.953253253000000 2.541117648000000
0.953653654000000 2.542308421000000
0.954054054000000 2.543499194000000
0.954454454000000 2.544689968000000
0.954854855000000 2.545880741000000
0.955255255000000 2.547071514000000
0.955655656000000 2.548262287000000
0.956056056000000 2.549453060000000
0.956456456000000 2.551015481000000
0.956856857000000 2.552927024000000
0.957257257000000 2.554838568000000
0.957657658000000 2.556750111000000
0.958058058000000 2.558661654000000
0.958458458000000 2.560573198000000
0.958858859000000 2.562484741000000
0.959259259000000 2.564396285000000
0.959659660000000 2.566307828000000
0.960060060000000 2.568219372000000
0.960460460000000 2.570130915000000
0.960860861000000 2.572042458000000
0.961261261000000 2.573954002000000
0.961661662000000 2.575865545000000
0.962062062000000 2.577777089000000
0.962462462000000 2.579688632000000
0.962862863000000 2.581600175000000
0.963263263000000 2.583511719000000
0.963663664000000 2.585423262000000
0.964064064000000 2.587334806000000
0.964464464000000 2.589246349000000
0.964864865000000 2.591157893000000
0.965265265000000 2.593069436000000
0.965665666000000 2.594980979000000
0.966066066000000 2.596892523000000
0.966466466000000 2.598804066000000
0.966866867000000 2.600715610000000
0.967267267000000 2.602627153000000
0.967667668000000 2.604538697000000
0.968068068000000 2.606450240000000
0.968468468000000 2.608361783000000
0.968868869000000 2.610269591000000
0.969269269000000 2.612168549000000
0.969669670000000 2.614067507000000
0.970070070000000 2.615966465000000
0.970470470000000 2.617865423000000
0.970870871000000 2.619764381000000
0.971271271000000 2.621663339000000
0.971671672000000 2.623562298000000
0.972072072000000 2.625461256000000
0.972472472000000 2.627360214000000
0.972872873000000 2.629259172000000
0.973273273000000 2.631158130000000
0.973673674000000 2.633057088000000
0.974074074000000 2.634956046000000
0.974474474000000 2.636855005000000
0.974874875000000 2.638753963000000
0.975275275000000 2.640652921000000
0.975675676000000 2.642551879000000
0.976076076000000 2.644450837000000
0.976476476000000 2.646349795000000
0.976876877000000 2.648248753000000
0.977277277000000 2.650147712000000
0.977677678000000 2.652046670000000
0.978078078000000 2.653945628000000
0.978478478000000 2.655844586000000
0.978878879000000 2.657743544000000
0.979279279000000 2.659642502000000
0.979679680000000 2.661541460000000
0.980080080000000 2.663440419000000
0.980480480000000 2.665339377000000
0.980880881000000 2.667238335000000
0.981281281000000 2.669086876000000
0.981681682000000 2.670340496000000
0.982082082000000 2.671594116000000
0.982482482000000 2.672847736000000
0.982882883000000 2.674101356000000
0.983283283000000 2.675354975000000
0.983683684000000 2.676608595000000
0.984084084000000 2.677862215000000
0.984484484000000 2.679115835000000
0.984884885000000 2.680369455000000
0.985285285000000 2.681623075000000
0.985685686000000 2.682876695000000
0.986086086000000 2.684130315000000
0.986486486000000 2.685383934000000
0.986886887000000 2.686637554000000
0.987287287000000 2.687891174000000
0.987687688000000 2.689144794000000
0.988088088000000 2.690398414000000
0.988488488000000 2.691652034000000
0.988888889000000 2.692905654000000
0.989289289000000 2.694159274000000
0.989689690000000 2.695412893000000
0.990090090000000 2.696666513000000
0.990490490000000 2.697920133000000
0.990890891000000 2.699173753000000
0.991291291000000 2.700427373000000
0.991691692000000 2.701680993000000
0.992092092000000 2.702934613000000
0.992492492000000 2.704188233000000
0.992892893000000 2.705441853000000
0.993293293000000 2.706695472000000
0.993693694000000 2.707949092000000
0.994094094000000 2.709139220000000
0.994494494000000 2.710318959000000
0.994894895000000 2.711498697000000
0.995295295000000 2.712678435000000
0.995695696000000 2.713858174000000
0.996096096000000 2.715037912000000
0.996496496000000 2.716217650000000
0.996896897000000 2.717397389000000
0.997297297000000 2.718577127000000
0.997697698000000 2.719756865000000
0.998098098000000 2.720936604000000
0.998498498000000 2.722116342000000
0.998898899000000 2.723296080000000
0.999299299000000 2.724475819000000
0.999699700000000 2.725655557000000
1.000100100000000 2.726835295000000
1.000500501000000 2.728015034000000
1.000900901000000 2.729194772000000
1.001301301000000 2.730374510000000
1.001701702000000 2.731554249000000
1.002102102000000 2.732733987000000
1.002502503000000 2.733913725000000
1.002902903000000 2.735093464000000
1.003303303000000 2.736273202000000
1.003703704000000 2.737452941000000
1.004104104000000 2.738632679000000
1.004504505000000 2.739812417000000
1.004904905000000 2.740992156000000
1.005305305000000 2.742171894000000
1.005705706000000 2.743351632000000
1.006106106000000 2.744531371000000
1.006506507000000 2.745439560000000
1.006906907000000 2.746195417000000
1.007307307000000 2.746951274000000
1.007707708000000 2.747707131000000
1.008108108000000 2.748462989000000
1.008508509000000 2.749218846000000
1.008908909000000 2.749974703000000
1.009309309000000 2.750730560000000
1.009709710000000 2.751486417000000
1.010110110000000 2.752242274000000
1.010510511000000 2.752998131000000
1.010910911000000 2.753753988000000
1.011311311000000 2.754509846000000
1.011711712000000 2.755265703000000
1.012112112000000 2.756021560000000
1.012512513000000 2.756777417000000
1.012912913000000 2.757533274000000
1.013313313000000 2.758289131000000
1.013713714000000 2.759044988000000
1.014114114000000 2.759800846000000
1.014514515000000 2.760556703000000
1.014914915000000 2.761312560000000
1.015315315000000 2.762068417000000
1.015715716000000 2.762824274000000
1.016116116000000 2.763580131000000
1.016516517000000 2.764335988000000
1.016916917000000 2.765091845000000
1.017317317000000 2.765847703000000
1.017717718000000 2.766603560000000
1.018118118000000 2.767359417000000
1.018518519000000 2.768115274000000
1.018918919000000 2.768833058000000
1.019319319000000 2.769498669000000
1.019719720000000 2.770164279000000
1.020120120000000 2.770829890000000
1.020520521000000 2.771495500000000
1.020920921000000 2.772161111000000
1.021321321000000 2.772826721000000
1.021721722000000 2.773492332000000
1.022122122000000 2.774157942000000
1.022522523000000 2.774823552000000
1.022922923000000 2.775489163000000
1.023323323000000 2.776154773000000
1.023723724000000 2.776820384000000
1.024124124000000 2.777485994000000
1.024524525000000 2.778151605000000
1.024924925000000 2.778817215000000
1.025325325000000 2.779482826000000
1.025725726000000 2.780148436000000
1.026126126000000 2.780814047000000
1.026526527000000 2.781479657000000
1.026926927000000 2.782145268000000
1.027327327000000 2.782810878000000
1.027727728000000 2.783476489000000
1.028128128000000 2.784142099000000
1.028528529000000 2.784807709000000
1.028928929000000 2.785473320000000
1.029329329000000 2.786138930000000
1.029729730000000 2.786804541000000
1.030130130000000 2.787470151000000
1.030530531000000 2.788135762000000
1.030930931000000 2.788801372000000
1.031331331000000 2.789459895000000
1.031731732000000 2.790090612000000
1.032132132000000 2.790721329000000
1.032532533000000 2.791352047000000
1.032932933000000 2.791982764000000
1.033333333000000 2.792613481000000
1.033733734000000 2.793244198000000
1.034134134000000 2.793874915000000
1.034534535000000 2.794505632000000
1.034934935000000 2.795136350000000
1.035335335000000 2.795767067000000
1.035735736000000 2.796397784000000
1.036136136000000 2.797028501000000
1.036536537000000 2.797659218000000
1.036936937000000 2.798289935000000
1.037337337000000 2.798920653000000
1.037737738000000 2.799551370000000
1.038138138000000 2.800182087000000
1.038538539000000 2.800812804000000
1.038938939000000 2.801443521000000
1.039339339000000 2.802074238000000
1.039739740000000 2.802704956000000
1.040140140000000 2.803335673000000
1.040540541000000 2.803966390000000
1.040940941000000 2.804597107000000
1.041341341000000 2.805227824000000
1.041741742000000 2.805858542000000
1.042142142000000 2.806489259000000
1.042542543000000 2.807119976000000
1.042942943000000 2.807750693000000
1.043343343000000 2.808381410000000
1.043743744000000 2.809012127000000
1.044144144000000 2.809402518000000
1.044544545000000 2.809789095000000
1.044944945000000 2.810175671000000
1.045345345000000 2.810562247000000
1.045745746000000 2.810948824000000
1.046146146000000 2.811335400000000
1.046546547000000 2.811721976000000
1.046946947000000 2.812108552000000
1.047347347000000 2.812495129000000
1.047747748000000 2.812881705000000
1.048148148000000 2.813268281000000
1.048548549000000 2.813654858000000
1.048948949000000 2.814041434000000
1.049349349000000 2.814428010000000
1.049749750000000 2.814814587000000
1.050150150000000 2.815201163000000
1.050550551000000 2.815587739000000
1.050950951000000 2.815974316000000
1.051351351000000 2.816360892000000
1.051751752000000 2.816747468000000
1.052152152000000 2.817134044000000
1.052552553000000 2.817520621000000
1.052952953000000 2.817907197000000
1.053353353000000 2.818293773000000
1.053753754000000 2.818680350000000
1.054154154000000 2.819066926000000
1.054554555000000 2.819453502000000
1.054954955000000 2.819840079000000
1.055355355000000 2.820226655000000
1.055755756000000 2.820613231000000
1.056156156000000 2.820999807000000
1.056556557000000 2.821498976000000
1.056956957000000 2.822032611000000
1.057357357000000 2.822566246000000
1.057757758000000 2.823099882000000
1.058158158000000 2.823633517000000
1.058558559000000 2.824167152000000
1.058958959000000 2.824700788000000
1.059359359000000 2.825234423000000
1.059759760000000 2.825768058000000
1.060160160000000 2.826301694000000
1.060560561000000 2.826835329000000
1.060960961000000 2.827368964000000
1.061361361000000 2.827902599000000
1.061761762000000 2.828436235000000
1.062162162000000 2.828969870000000
1.062562563000000 2.829503505000000
1.062962963000000 2.830037141000000
1.063363363000000 2.830570776000000
1.063763764000000 2.831104411000000
1.064164164000000 2.831638047000000
1.064564565000000 2.832171682000000
1.064964965000000 2.832705317000000
1.065365365000000 2.833238953000000
1.065765766000000 2.833772588000000
1.066166166000000 2.834306223000000
1.066566567000000 2.834839858000000
1.066966967000000 2.835373494000000
1.067367367000000 2.835907129000000
1.067767768000000 2.836440764000000
1.068168168000000 2.836974400000000
1.068568569000000 2.837508035000000
1.068968969000000 2.838026219000000
1.069369369000000 2.838531600000000
1.069769770000000 2.839036980000000
1.070170170000000 2.839542361000000
1.070570571000000 2.840047742000000
1.070970971000000 2.840553123000000
1.071371371000000 2.841058504000000
1.071771772000000 2.841563885000000
1.072172172000000 2.842069266000000
1.072572573000000 2.842574646000000
1.072972973000000 2.843080027000000
1.073373373000000 2.843585408000000
1.073773774000000 2.844090789000000
1.074174174000000 2.844596170000000
1.074574575000000 2.845101551000000
1.074974975000000 2.845606932000000
1.075375375000000 2.846112312000000
1.075775776000000 2.846617693000000
1.076176176000000 2.847123074000000
1.076576577000000 2.847628455000000
1.076976977000000 2.848133836000000
1.077377377000000 2.848639217000000
1.077777778000000 2.849144598000000
1.078178178000000 2.849649978000000
1.078578579000000 2.850155359000000
1.078978979000000 2.850660740000000
1.079379379000000 2.851166121000000
1.079779780000000 2.851671502000000
1.080180180000000 2.852176883000000
1.080580581000000 2.852682264000000
1.080980981000000 2.853187644000000
1.081381381000000 2.853629283000000
1.081781782000000 2.853940401000000
1.082182182000000 2.854251520000000
1.082582583000000 2.854562638000000
1.082982983000000 2.854873757000000
1.083383383000000 2.855184875000000
1.083783784000000 2.855495994000000
1.084184184000000 2.855807112000000
1.084584585000000 2.856118231000000
1.084984985000000 2.856429349000000
1.085385385000000 2.856740468000000
1.085785786000000 2.857051586000000
1.086186186000000 2.857362705000000
1.086586587000000 2.857673823000000
1.086986987000000 2.857984942000000
1.087387387000000 2.858296060000000
1.087787788000000 2.858607179000000
1.088188188000000 2.858918297000000
1.088588589000000 2.859229416000000
1.088988989000000 2.859540534000000
1.089389389000000 2.859851653000000
1.089789790000000 2.860162771000000
1.090190190000000 2.860473890000000
1.090590591000000 2.860785008000000
1.090990991000000 2.861096126000000
1.091391391000000 2.861407245000000
1.091791792000000 2.861718363000000
1.092192192000000 2.862029482000000
1.092592593000000 2.862340600000000
1.092992993000000 2.862651719000000
1.093393393000000 2.862962837000000
1.093793794000000 2.863271381000000
1.094194194000000 2.863558963000000
1.094594595000000 2.863846544000000
1.094994995000000 2.864134126000000
1.095395395000000 2.864421707000000
1.095795796000000 2.864709289000000
1.096196196000000 2.864996870000000
1.096596597000000 2.865284452000000
1.096996997000000 2.865572033000000
1.097397397000000 2.865859614000000
1.097797798000000 2.866147196000000
1.098198198000000 2.866434777000000
1.098598599000000 2.866722359000000
1.098998999000000 2.867009940000000
1.099399399000000 2.867297522000000
1.099799800000000 2.867585103000000
1.100200200000000 2.867872684000000
1.100600601000000 2.868160266000000
1.101001001000000 2.868447847000000
1.101401401000000 2.868735429000000
1.101801802000000 2.869023010000000
1.102202202000000 2.869310592000000
1.102602603000000 2.869598173000000
1.103003003000000 2.869885754000000
1.103403403000000 2.870173336000000
1.103803804000000 2.870460917000000
1.104204204000000 2.870748499000000
1.104604605000000 2.871036080000000
1.105005005000000 2.871323662000000
1.105405405000000 2.871611243000000
1.105805806000000 2.871898825000000
1.106206206000000 2.872186406000000
1.106606607000000 2.872461361000000
1.107007007000000 2.872734765000000
1.107407407000000 2.873008169000000
1.107807808000000 2.873281573000000
1.108208208000000 2.873554977000000
1.108608609000000 2.873828381000000
1.109009009000000 2.874101786000000
1.109409409000000 2.874375190000000
1.109809810000000 2.874648594000000
1.110210210000000 2.874921998000000
1.110610611000000 2.875195402000000
1.111011011000000 2.875468806000000
1.111411411000000 2.875742210000000
1.111811812000000 2.876015615000000
1.112212212000000 2.876289019000000
1.112612613000000 2.876562423000000
1.113013013000000 2.876835827000000
1.113413413000000 2.877109231000000
1.113813814000000 2.877382635000000
1.114214214000000 2.877656039000000
1.114614615000000 2.877929444000000
1.115015015000000 2.878202848000000
1.115415415000000 2.878476252000000
1.115815816000000 2.878749656000000
1.116216216000000 2.879023060000000
1.116616617000000 2.879296464000000
1.117017017000000 2.879569868000000
1.117417417000000 2.879843272000000
1.117817818000000 2.880116677000000
1.118218218000000 2.880390081000000
1.118618619000000 2.880663485000000
1.119019019000000 2.881017948000000
1.119419419000000 2.881411999000000
1.119819820000000 2.881806049000000
1.120220220000000 2.882200100000000
1.120620621000000 2.882594150000000
1.121021021000000 2.882988201000000
1.121421421000000 2.883382251000000
1.121821822000000 2.883776302000000
1.122222222000000 2.884170352000000
1.122622623000000 2.884564403000000
1.123023023000000 2.884958453000000
1.123423423000000 2.885352504000000
1.123823824000000 2.885746554000000
1.124224224000000 2.886140605000000
1.124624625000000 2.886534655000000
1.125025025000000 2.886928705000000
1.125425425000000 2.887322756000000
1.125825826000000 2.887716806000000
1.126226226000000 2.888110857000000
1.126626627000000 2.888504907000000
1.127027027000000 2.888898958000000
1.127427427000000 2.889293008000000
1.127827828000000 2.889687059000000
1.128228228000000 2.890081109000000
1.128628629000000 2.890475160000000
1.129029029000000 2.890869210000000
1.129429429000000 2.891263261000000
1.129829830000000 2.891657311000000
1.130230230000000 2.892051362000000
1.130630631000000 2.892445412000000
1.131031031000000 2.892839463000000
1.131431431000000 2.893224631000000
1.131831832000000 2.893599081000000
1.132232232000000 2.893973530000000
1.132632633000000 2.894347980000000
1.133033033000000 2.894722429000000
1.133433433000000 2.895096878000000
1.133833834000000 2.895471328000000
1.134234234000000 2.895845777000000
1.134634635000000 2.896220226000000
1.135035035000000 2.896594676000000
1.135435435000000 2.896969125000000
1.135835836000000 2.897343575000000
1.136236236000000 2.897718024000000
1.136636637000000 2.898092473000000
1.137037037000000 2.898466923000000
1.137437437000000 2.898841372000000
1.137837838000000 2.899215822000000
1.138238238000000 2.899590271000000
1.138638639000000 2.899964720000000
1.139039039000000 2.900339170000000
1.139439439000000 2.900713619000000
1.139839840000000 2.901088068000000
1.140240240000000 2.901462518000000
1.140640641000000 2.901836967000000
1.141041041000000 2.902211417000000
1.141441441000000 2.902585866000000
1.141841842000000 2.902960315000000
1.142242242000000 2.903334765000000
1.142642643000000 2.903709214000000
1.143043043000000 2.904083664000000
1.143443443000000 2.904458113000000
1.143843844000000 2.904799475000000
1.144244244000000 2.905032750000000
1.144644645000000 2.905266025000000
1.145045045000000 2.905499300000000
1.145445445000000 2.905732575000000
1.145845846000000 2.905965850000000
1.146246246000000 2.906199125000000
1.146646647000000 2.906432400000000
1.147047047000000 2.906665675000000
1.147447447000000 2.906898950000000
1.147847848000000 2.907132225000000
1.148248248000000 2.907365500000000
1.148648649000000 2.907598775000000
1.149049049000000 2.907832050000000
1.149449449000000 2.908065325000000
1.149849850000000 2.908298600000000
1.150250250000000 2.908531875000000
1.150650651000000 2.908765150000000
1.151051051000000 2.908998425000000
1.151451451000000 2.909231700000000
1.151851852000000 2.909464975000000
1.152252252000000 2.909698250000000
1.152652653000000 2.909931525000000
1.153053053000000 2.910164800000000
1.153453453000000 2.910398076000000
1.153853854000000 2.910631351000000
1.154254254000000 2.910864626000000
1.154654655000000 2.911097901000000
1.155055055000000 2.911331176000000
1.155455455000000 2.911564451000000
1.155855856000000 2.911797726000000
1.156256256000000 2.912030895000000
1.156656657000000 2.912257425000000
1.157057057000000 2.912483954000000
1.157457457000000 2.912710484000000
1.157857858000000 2.912937013000000
1.158258258000000 2.913163543000000
1.158658659000000 2.913390072000000
1.159059059000000 2.913616601000000
1.159459459000000 2.913843131000000
1.159859860000000 2.914069660000000
1.160260260000000 2.914296190000000
1.160660661000000 2.914522719000000
1.161061061000000 2.914749248000000
1.161461461000000 2.914975778000000
1.161861862000000 2.915202307000000
1.162262262000000 2.915428837000000
1.162662663000000 2.915655366000000
1.163063063000000 2.915881896000000
1.163463463000000 2.916108425000000
1.163863864000000 2.916334954000000
1.164264264000000 2.916561484000000
1.164664665000000 2.916788013000000
1.165065065000000 2.917014543000000
1.165465465000000 2.917241072000000
1.165865866000000 2.917467602000000
1.166266266000000 2.917694131000000
1.166666667000000 2.917920660000000
1.167067067000000 2.918147190000000
1.167467467000000 2.918373719000000
1.167867868000000 2.918600249000000
1.168268268000000 2.918826778000000
1.168668669000000 2.919053307000000
1.169069069000000 2.919351666000000
1.169469469000000 2.919668335000000
1.169869870000000 2.919985003000000
1.170270270000000 2.920301672000000
1.170670671000000 2.920618340000000
1.171071071000000 2.920935009000000
1.171471471000000 2.921251677000000
1.171871872000000 2.921568346000000
1.172272272000000 2.921885014000000
1.172672673000000 2.922201683000000
1.173073073000000 2.922518351000000
1.173473473000000 2.922835020000000
1.173873874000000 2.923151688000000
1.174274274000000 2.923468357000000
1.174674675000000 2.923785025000000
1.175075075000000 2.924101694000000
1.175475475000000 2.924418362000000
1.175875876000000 2.924735031000000
1.176276276000000 2.925051699000000
1.176676677000000 2.925368368000000
1.177077077000000 2.925685036000000
1.177477477000000 2.926001705000000
1.177877878000000 2.926318373000000
1.178278278000000 2.926635042000000
1.178678679000000 2.926951710000000
1.179079079000000 2.927268379000000
1.179479479000000 2.927585047000000
1.179879880000000 2.927901716000000
1.180280280000000 2.928218384000000
1.180680681000000 2.928535053000000
1.181081081000000 2.928851721000000
1.181481481000000 2.929162192000000
1.181881882000000 2.929468140000000
1.182282282000000 2.929774089000000
1.182682683000000 2.930080037000000
1.183083083000000 2.930385985000000
1.183483483000000 2.930691933000000
1.183883884000000 2.930997881000000
1.184284284000000 2.931303829000000
1.184684685000000 2.931609778000000
1.185085085000000 2.931915726000000
1.185485485000000 2.932221674000000
1.185885886000000 2.932527622000000
1.186286286000000 2.932833570000000
1.186686687000000 2.933139518000000
1.187087087000000 2.933445466000000
1.187487487000000 2.933751415000000
1.187887888000000 2.934057363000000
1.188288288000000 2.934363311000000
1.188688689000000 2.934669259000000
1.189089089000000 2.934975207000000
1.189489489000000 2.935281155000000
1.189889890000000 2.935587104000000
1.190290290000000 2.935893052000000
1.190690691000000 2.936199000000000
1.191091091000000 2.936504948000000
1.191491491000000 2.936810896000000
1.191891892000000 2.937116844000000
1.192292292000000 2.937422793000000
1.192692693000000 2.937728741000000
1.193093093000000 2.938034689000000
1.193493493000000 2.938340637000000
1.193893894000000 2.938607684000000
1.194294294000000 2.938805385000000
1.194694695000000 2.939003087000000
1.195095095000000 2.939200788000000
1.195495495000000 2.939398489000000
1.195895896000000 2.939596191000000
1.196296296000000 2.939793892000000
1.196696697000000 2.939991593000000
1.197097097000000 2.940189295000000
1.197497497000000 2.940386996000000
1.197897898000000 2.940584697000000
1.198298298000000 2.940782399000000
1.198698699000000 2.940980100000000
1.199099099000000 2.941177801000000
1.199499499000000 2.941375503000000
1.199899900000000 2.941573204000000
1.200300300000000 2.941770905000000
1.200700701000000 2.941968606000000
1.201101101000000 2.942166308000000
1.201501502000000 2.942364009000000
1.201901902000000 2.942561710000000
1.202302302000000 2.942759412000000
1.202702703000000 2.942957113000000
1.203103103000000 2.943154814000000
1.203503504000000 2.943352516000000
1.203903904000000 2.943550217000000
1.204304304000000 2.943747918000000
1.204704705000000 2.943945620000000
1.205105105000000 2.944143321000000
1.205505506000000 2.944341022000000
1.205905906000000 2.944538724000000
1.206306306000000 2.944789890000000
1.206706707000000 2.945367786000000
1.207107107000000 2.945945683000000
1.207507508000000 2.946523579000000
1.207907908000000 2.947101476000000
1.208308308000000 2.947679372000000
1.208708709000000 2.948257268000000
1.209109109000000 2.948835165000000
1.209509510000000 2.949413061000000
1.209909910000000 2.949990958000000
1.210310310000000 2.950568854000000
1.210710711000000 2.951146751000000
1.211111111000000 2.951724647000000
1.211511512000000 2.952302543000000
1.211911912000000 2.952880440000000
1.212312312000000 2.953458336000000
1.212712713000000 2.954036233000000
1.213113113000000 2.954614129000000
1.213513514000000 2.955192026000000
1.213913914000000 2.955769922000000
1.214314314000000 2.956347818000000
1.214714715000000 2.956925715000000
1.215115115000000 2.957503611000000
1.215515516000000 2.958081508000000
1.215915916000000 2.958659404000000
1.216316316000000 2.959237301000000
1.216716717000000 2.959815197000000
1.217117117000000 2.960393093000000
1.217517518000000 2.960970990000000
1.217917918000000 2.961548886000000
1.218318318000000 2.962126783000000
1.218718719000000 2.962704679000000
1.219119119000000 2.963809270000000
1.219519520000000 2.964958495000000
1.219919920000000 2.966107721000000
1.220320320000000 2.967256946000000
1.220720721000000 2.968406172000000
1.221121121000000 2.969555397000000
1.221521522000000 2.970704623000000
1.221921922000000 2.971853848000000
1.222322322000000 2.973003074000000
1.222722723000000 2.974152299000000
1.223123123000000 2.975301525000000
1.223523524000000 2.976450751000000
1.223923924000000 2.977599976000000
1.224324324000000 2.978749202000000
1.224724725000000 2.979898427000000
1.225125125000000 2.981047653000000
1.225525526000000 2.982196878000000
1.225925926000000 2.983346104000000
1.226326326000000 2.984495329000000
1.226726727000000 2.985644555000000
1.227127127000000 2.986793780000000
1.227527528000000 2.987943006000000
1.227927928000000 2.989092232000000
1.228328328000000 2.990241457000000
1.228728729000000 2.991390683000000
1.229129129000000 2.992539908000000
1.229529530000000 2.993689134000000
1.229929930000000 2.994838359000000
1.230330330000000 2.995987585000000
1.230730731000000 2.997136810000000
1.231131131000000 2.998286036000000
1.231531532000000 2.999570751000000
1.231931932000000 3.000912672000000
1.232332332000000 3.002254593000000
1.232732733000000 3.003596514000000
1.233133133000000 3.004938435000000
1.233533534000000 3.006280356000000
1.233933934000000 3.007622277000000
1.234334334000000 3.008964198000000
1.234734735000000 3.010306119000000
1.235135135000000 3.011648040000000
1.235535536000000 3.012989961000000
1.235935936000000 3.014331882000000
1.236336336000000 3.015673803000000
1.236736737000000 3.017015724000000
1.237137137000000 3.018357645000000
1.237537538000000 3.019699566000000
1.237937938000000 3.021041487000000
1.238338338000000 3.022383408000000
1.238738739000000 3.023725329000000
1.239139139000000 3.025067250000000
1.239539540000000 3.026409171000000
1.239939940000000 3.027751092000000
1.240340340000000 3.029093013000000
1.240740741000000 3.030434934000000
1.241141141000000 3.031776855000000
1.241541542000000 3.033118776000000
1.241941942000000 3.034460697000000
1.242342342000000 3.035802618000000
1.242742743000000 3.037144539000000
1.243143143000000 3.038486460000000
1.243543544000000 3.039828381000000
1.243943944000000 3.041174527000000
1.244344344000000 3.042525170000000
1.244744745000000 3.043875813000000
1.245145145000000 3.045226456000000
1.245545546000000 3.046577099000000
1.245945946000000 3.047927742000000
1.246346346000000 3.049278385000000
1.246746747000000 3.050629028000000
1.247147147000000 3.051979671000000
1.247547548000000 3.053330315000000
1.247947948000000 3.054680958000000
1.248348348000000 3.056031601000000
1.248748749000000 3.057382244000000
1.249149149000000 3.058732887000000
1.249549550000000 3.060083530000000
1.249949950000000 3.061434173000000
1.250350350000000 3.062784816000000
1.250750751000000 3.064135459000000
1.251151151000000 3.065486102000000
1.251551552000000 3.066836745000000
1.251951952000000 3.068187388000000
1.252352352000000 3.069538031000000
1.252752753000000 3.070888674000000
1.253153153000000 3.072239317000000
1.253553554000000 3.073589960000000
1.253953954000000 3.074940603000000
1.254354354000000 3.076291246000000
1.254754755000000 3.077641889000000
1.255155155000000 3.078992532000000
1.255555556000000 3.080343175000000
1.255955956000000 3.081693818000000
1.256356356000000 3.083046633000000
1.256756757000000 3.084405450000000
1.257157157000000 3.085764267000000
1.257557558000000 3.087123084000000
1.257957958000000 3.088481901000000
1.258358358000000 3.089840718000000
1.258758759000000 3.091199535000000
1.259159159000000 3.092558352000000
1.259559560000000 3.093917169000000
1.259959960000000 3.095275987000000
1.260360360000000 3.096634804000000
1.260760761000000 3.097993621000000
1.261161161000000 3.099352438000000
1.261561562000000 3.100711255000000
1.261961962000000 3.102070072000000
1.262362362000000 3.103428889000000
1.262762763000000 3.104787706000000
1.263163163000000 3.106146523000000
1.263563564000000 3.107505341000000
1.263963964000000 3.108864158000000
1.264364364000000 3.110222975000000
1.264764765000000 3.111581792000000
1.265165165000000 3.112940609000000
1.265565566000000 3.114299426000000
1.265965966000000 3.115658243000000
1.266366366000000 3.117017060000000
1.266766767000000 3.118375878000000
1.267167167000000 3.119734695000000
1.267567568000000 3.121093512000000
1.267967968000000 3.122452329000000
1.268368368000000 3.123811146000000
1.268768769000000 3.125202611000000
1.269169169000000 3.127257913000000
1.269569570000000 3.129313215000000
1.269969970000000 3.131368517000000
1.270370370000000 3.133423819000000
1.270770771000000 3.135479120000000
1.271171171000000 3.137534422000000
1.271571572000000 3.139589724000000
1.271971972000000 3.141645026000000
1.272372372000000 3.143700328000000
1.272772773000000 3.145755630000000
1.273173173000000 3.147810932000000
1.273573574000000 3.149866234000000
1.273973974000000 3.151921536000000
1.274374374000000 3.153976838000000
1.274774775000000 3.156032140000000
1.275175175000000 3.158087442000000
1.275575576000000 3.160142744000000
1.275975976000000 3.162198046000000
1.276376376000000 3.164253347000000
1.276776777000000 3.166308649000000
1.277177177000000 3.168363951000000
1.277577578000000 3.170419253000000
1.277977978000000 3.172474555000000
1.278378378000000 3.174529857000000
1.278778779000000 3.176585159000000
1.279179179000000 3.178640461000000
1.279579580000000 3.180695763000000
1.279979980000000 3.182751065000000
1.280380380000000 3.184806367000000
1.280780781000000 3.186861669000000
1.281181181000000 3.188916971000000
1.281581582000000 3.190981641000000
1.281981982000000 3.193048255000000
1.282382382000000 3.195114869000000
1.282782783000000 3.197181484000000
1.283183183000000 3.199248098000000
1.283583584000000 3.201314712000000
1.283983984000000 3.203381327000000
1.284384384000000 3.205447941000000
1.284784785000000 3.207514556000000
1.285185185000000 3.209581170000000
1.285585586000000 3.211647784000000
1.285985986000000 3.213714399000000
1.286386386000000 3.215781013000000
1.286786787000000 3.217847627000000
1.287187187000000 3.219914242000000
1.287587588000000 3.221980856000000
1.287987988000000 3.224047471000000
1.288388388000000 3.226114085000000
1.288788789000000 3.228180699000000
1.289189189000000 3.230247314000000
1.289589590000000 3.232313928000000
1.289989990000000 3.234380542000000
1.290390390000000 3.236447157000000
1.290790791000000 3.238513771000000
1.291191191000000 3.240580386000000
1.291591592000000 3.242647000000000
1.291991992000000 3.244713614000000
1.292392392000000 3.246780229000000
1.292792793000000 3.248846843000000
1.293193193000000 3.250913457000000
1.293593594000000 3.252980072000000
1.293993994000000 3.254632462000000
1.294394394000000 3.256019323000000
1.294794795000000 3.257406184000000
1.295195195000000 3.258793046000000
1.295595596000000 3.260179907000000
1.295995996000000 3.261566769000000
1.296396396000000 3.262953630000000
1.296796797000000 3.264340491000000
1.297197197000000 3.265727353000000
1.297597598000000 3.267114214000000
1.297997998000000 3.268501075000000
1.298398398000000 3.269887937000000
1.298798799000000 3.271274798000000
1.299199199000000 3.272661659000000
1.299599600000000 3.274048521000000
1.300000000000000 3.275435382000000
