0.200000000000000 0.106808674000000
0.250000000000000 0.164938349000000
0.300000000000000 0.234101749000000
0.350000000000000 0.313264506000000
0.400000000000000 0.401569940000000
0.450000000000000 0.494760311000000
0.500000000000000 0.515926309000000
0.550000000000000 0.518876775000000
0.600000000000000 0.522195831000000
0.650000000000000 0.524608831000000
0.700000000000000 0.525730418000000
0.750000000000000 0.525283946000000
0.800000000000000 0.524176769000000
0.850000000000000 0.522790668000000
0.900000000000000 0.520951056000000
0.950000000000000 0.519120128000000
1.000000000000000 0.516465764000000
1.050000000000000 0.513022256000000
1.100000000000000 0.510247927000000
1.150000000000000 0.507635673000000
1.200000000000000 0.506222657000000
1.250000000000000 0.506337415000000
1.300000000000000 0.508346709000000
1.350000000000000 0.512882293000000
1.400000000000000 0.518475531000000
1.450000000000000 0.524096041000000
1.500000000000000 0.532948885000000
1.550000000000000 0.543342645000000
1.600000000000000 0.554515380000000
1.650000000000000 0.566572851000000
1.700000000000000 0.579113639000000
1.750000000000000 0.591607032000000
1.800000000000000 0.604386578000000
1.850000000000000 0.616562947000000
1.900000000000000 0.629347547000000
1.960000000000000 0.647088665000000
2.000000000000000 0.661156069000000
2.050000000000000 0.662406447000000
2.100000000000000 0.668608952000000
2.150000000000000 0.676824253000000
2.200000000000000 0.684336194000000
2.250000000000000 0.691120320000000
2.300000000000000 0.697167415000000
2.350000000000000 0.702439144000000
2.400000000000000 0.706986085000000
2.450000000000000 0.710838329000000
2.500000000000000 0.714050016000000
