0.200000000000000 0.112154608000000
0.201000500000000 0.112154608000000
0.202001001000000 0.112154608000000
0.203001501000000 0.112154608000000
0.204002001000000 0.112154608000000
0.205002501000000 0.112154608000000
0.206003002000000 0.112154608000000
0.207003502000000 0.112813329000000
0.208004002000000 0.113687980000000
0.209004502000000 0.114562630000000
0.210005003000000 0.115437281000000
0.211005503000000 0.116311931000000
0.212006003000000 0.117186581000000
0.213006503000000 0.118061232000000
0.214007004000000 0.118935882000000
0.215007504000000 0.119810533000000
0.216008004000000 0.120685183000000
0.217008504000000 0.121559833000000
0.218009005000000 0.122434484000000
0.219009505000000 0.123444463000000
0.220010005000000 0.124840866000000
0.221010505000000 0.126237268000000
0.222011006000000 0.127633670000000
0.223011506000000 0.129030073000000
0.224012006000000 0.130426475000000
0.225012506000000 0.131822877000000
0.226013007000000 0.133219279000000
0.227013507000000 0.134615682000000
0.228014007000000 0.136012084000000
0.229014507000000 0.137408486000000
0.230015008000000 0.138804888000000
0.231015508000000 0.140201291000000
0.232016008000000 0.141640030000000
0.233016508000000 0.143091730000000
0.234017009000000 0.144543430000000
0.235017509000000 0.145995130000000
0.236018009000000 0.147446829000000
0.237018509000000 0.148898529000000
0.238019010000000 0.150350229000000
0.239019510000000 0.151801929000000
0.240020010000000 0.153253629000000
0.241020510000000 0.154705329000000
0.242021011000000 0.156157028000000
0.243021511000000 0.157608728000000
0.244022011000000 0.158943582000000
0.245022511000000 0.159965504000000
0.246023012000000 0.160987426000000
0.247023512000000 0.162009348000000
0.248024012000000 0.163031270000000
0.249024512000000 0.164053192000000
0.250025013000000 0.165075114000000
0.251025513000000 0.166097036000000
0.252026013000000 0.167118958000000
0.253026513000000 0.168140880000000
0.254027014000000 0.169162802000000
0.255027514000000 0.170184724000000
0.256028014000000 0.171206646000000
0.257028514000000 0.172688003000000
0.258029015000000 0.174300364000000
0.259029515000000 0.175912725000000
0.260030015000000 0.177525086000000
0.261030515000000 0.179137447000000
0.262031016000000 0.180749807000000
0.263031516000000 0.182362168000000
0.264032016000000 0.183974529000000
0.265032516000000 0.185586890000000
0.266033017000000 0.187199251000000
0.267033517000000 0.188811612000000
0.268034017000000 0.190423973000000
0.269034517000000 0.192051176000000
0.270035018000000 0.193715729000000
0.271035518000000 0.195380282000000
0.272036018000000 0.197044836000000
0.273036518000000 0.198709389000000
0.274037019000000 0.200373942000000
0.275037519000000 0.202038495000000
0.276038019000000 0.203703049000000
0.277038519000000 0.205367602000000
0.278039020000000 0.207032155000000
0.279039520000000 0.208696708000000
0.280040020000000 0.210361262000000
0.281040520000000 0.212025815000000
0.282041021000000 0.213287945000000
0.283041521000000 0.214443504000000
0.284042021000000 0.215599063000000
0.285042521000000 0.216754622000000
0.286043022000000 0.217910181000000
0.287043522000000 0.219065740000000
0.288044022000000 0.220221299000000
0.289044522000000 0.221376858000000
0.290045023000000 0.222532417000000
0.291045523000000 0.223687976000000
0.292046023000000 0.224843535000000
0.293046523000000 0.225999094000000
0.294047024000000 0.227164068000000
0.295047524000000 0.228351337000000
0.296048024000000 0.229538606000000
0.297048524000000 0.230725876000000
0.298049025000000 0.231913145000000
0.299049525000000 0.233100415000000
0.300050025000000 0.234287684000000
0.301050525000000 0.235474953000000
0.302051026000000 0.236662223000000
0.303051526000000 0.237849492000000
0.304052026000000 0.239036761000000
0.305052526000000 0.240224031000000
0.306053027000000 0.241411300000000
0.307053527000000 0.242625033000000
0.308054027000000 0.243845253000000
0.309054527000000 0.245065473000000
0.310055028000000 0.246285693000000
0.311055528000000 0.247505913000000
0.312056028000000 0.248726133000000
0.313056528000000 0.249946352000000
0.314057029000000 0.251166572000000
0.315057529000000 0.252386792000000
0.316058029000000 0.253607012000000
0.317058529000000 0.254827232000000
0.318059030000000 0.256047452000000
0.319059530000000 0.257477637000000
0.320060030000000 0.259376532000000
0.321060530000000 0.261275428000000
0.322061031000000 0.263174323000000
0.323061531000000 0.265073218000000
0.324062031000000 0.266972114000000
0.325062531000000 0.268871009000000
0.326063032000000 0.270769904000000
0.327063532000000 0.272668800000000
0.328064032000000 0.274567695000000
0.329064532000000 0.276466590000000
0.330065033000000 0.278365486000000
0.331065533000000 0.280264381000000
0.332066033000000 0.282203225000000
0.333066533000000 0.284151099000000
0.334067034000000 0.286098974000000
0.335067534000000 0.288046848000000
0.336068034000000 0.289994723000000
0.337068534000000 0.291942597000000
0.338069035000000 0.293890472000000
0.339069535000000 0.295838346000000
0.340070035000000 0.297786220000000
0.341070535000000 0.299734095000000
0.342071036000000 0.301681969000000
0.343071536000000 0.303629844000000
0.344072036000000 0.305383664000000
0.345072536000000 0.306728653000000
0.346073037000000 0.308073641000000
0.347073537000000 0.309418630000000
0.348074037000000 0.310763619000000
0.349074537000000 0.312108607000000
0.350075038000000 0.313453596000000
0.351075538000000 0.314798584000000
0.352076038000000 0.316143573000000
0.353076538000000 0.317488562000000
0.354077039000000 0.318833550000000
0.355077539000000 0.320178539000000
0.356078039000000 0.321523528000000
0.357078539000000 0.323477539000000
0.358079040000000 0.325557952000000
0.359079540000000 0.327638364000000
0.360080040000000 0.329718777000000
0.361080540000000 0.331799189000000
0.362081041000000 0.333879602000000
0.363081541000000 0.335960014000000
0.364082041000000 0.338040427000000
0.365082541000000 0.340120840000000
0.366083042000000 0.342201252000000
0.367083542000000 0.344281665000000
0.368084042000000 0.346362077000000
0.369084542000000 0.348456235000000
0.370085043000000 0.350577755000000
0.371085543000000 0.352699274000000
0.372086043000000 0.354820794000000
0.373086543000000 0.356942313000000
0.374087044000000 0.359063833000000
0.375087544000000 0.361185352000000
0.376088044000000 0.363306872000000
0.377088544000000 0.365428392000000
0.378089045000000 0.367549911000000
0.379089545000000 0.369671431000000
0.380090045000000 0.371792950000000
0.381090545000000 0.373914470000000
0.382091046000000 0.375474496000000
0.383091546000000 0.376928068000000
0.384092046000000 0.378381639000000
0.385092546000000 0.379835211000000
0.386093047000000 0.381288783000000
0.387093547000000 0.382742355000000
0.388094047000000 0.384195927000000
0.389094547000000 0.385649498000000
0.390095048000000 0.387103070000000
0.391095548000000 0.388556642000000
0.392096048000000 0.390010214000000
0.393096548000000 0.391463786000000
0.394097049000000 0.392925046000000
0.395097549000000 0.394400782000000
0.396098049000000 0.395876518000000
0.397098549000000 0.397352254000000
0.398099050000000 0.398827991000000
0.399099550000000 0.400303727000000
0.400100050000000 0.401779463000000
0.401100550000000 0.403255199000000
0.402101051000000 0.404730935000000
0.403101551000000 0.406206672000000
0.404102051000000 0.407682408000000
0.405102551000000 0.409158144000000
0.406103052000000 0.410633880000000
0.407103552000000 0.412774085000000
0.408104052000000 0.415028686000000
0.409104552000000 0.417283287000000
0.410105053000000 0.419537888000000
0.411105553000000 0.421792488000000
0.412106053000000 0.424047089000000
0.413106553000000 0.426301690000000
0.414107054000000 0.428556291000000
0.415107554000000 0.430810892000000
0.416108054000000 0.433065492000000
0.417108554000000 0.435320093000000
0.418109055000000 0.437574694000000
0.419109555000000 0.439833903000000
0.420110055000000 0.442101326000000
0.421110555000000 0.444368750000000
0.422111056000000 0.446636173000000
0.423111556000000 0.448903596000000
0.424112056000000 0.451171020000000
0.425112556000000 0.453438443000000
0.426113057000000 0.455705866000000
0.427113557000000 0.457973290000000
0.428114057000000 0.460240713000000
0.429114557000000 0.462508136000000
0.430115058000000 0.464775560000000
0.431115558000000 0.467042983000000
0.432116058000000 0.468624360000000
0.433116558000000 0.470099239000000
0.434117059000000 0.471574118000000
0.435117559000000 0.473048997000000
0.436118059000000 0.474523875000000
0.437118559000000 0.475998754000000
0.438119060000000 0.477473633000000
0.439119560000000 0.478948512000000
0.440120060000000 0.480423391000000
0.441120560000000 0.481898269000000
0.442121061000000 0.483373148000000
0.443121561000000 0.484848027000000
0.444122061000000 0.486243375000000
0.445122561000000 0.487504389000000
0.446123062000000 0.488765403000000
0.447123562000000 0.490026418000000
0.448124062000000 0.491287432000000
0.449124562000000 0.492548446000000
0.450125063000000 0.493809461000000
0.451125563000000 0.495070475000000
0.452126063000000 0.496331489000000
0.453126563000000 0.497592504000000
0.454127064000000 0.498853518000000
0.455127564000000 0.500114532000000
0.456128064000000 0.501375547000000
0.457128564000000 0.502186524000000
0.458129065000000 0.502935042000000
0.459129565000000 0.503683559000000
0.460130065000000 0.504432076000000
0.461130565000000 0.505180594000000
0.462131066000000 0.505929111000000
0.463131566000000 0.506677628000000
0.464132066000000 0.507426146000000
0.465132566000000 0.508174663000000
0.466133067000000 0.508923181000000
0.467133567000000 0.509671698000000
0.468134067000000 0.510420215000000
0.469134567000000 0.510992238000000
0.470135068000000 0.511281584000000
0.471135568000000 0.511570929000000
0.472136068000000 0.511860274000000
0.473136568000000 0.512149620000000
0.474137069000000 0.512438965000000
0.475137569000000 0.512728311000000
0.476138069000000 0.513017656000000
0.477138569000000 0.513307001000000
0.478139070000000 0.513596347000000
0.479139570000000 0.513885692000000
0.480140070000000 0.514175037000000
0.481140570000000 0.514464383000000
0.482141071000000 0.514583798000000
0.483141571000000 0.514682344000000
0.484142071000000 0.514780890000000
0.485142571000000 0.514879436000000
0.486143072000000 0.514977982000000
0.487143572000000 0.515076528000000
0.488144072000000 0.515175074000000
0.489144572000000 0.515273620000000
0.490145073000000 0.515372166000000
0.491145573000000 0.515470713000000
0.492146073000000 0.515569259000000
0.493146573000000 0.515667805000000
0.494147074000000 0.515739469000000
0.495147574000000 0.515770280000000
0.496148074000000 0.515801091000000
0.497148574000000 0.515831902000000
0.498149075000000 0.515862713000000
0.499149575000000 0.515893525000000
0.500150075000000 0.515924336000000
0.501150575000000 0.515955147000000
0.502151076000000 0.515985958000000
0.503151576000000 0.516016770000000
0.504152076000000 0.516047581000000
0.505152576000000 0.516078392000000
0.506153077000000 0.516109203000000
0.507153577000000 0.516139653000000
0.508154077000000 0.516170063000000
0.509154577000000 0.516200474000000
0.510155078000000 0.516230885000000
0.511155578000000 0.516261295000000
0.512156078000000 0.516291706000000
0.513156578000000 0.516322116000000
0.514157079000000 0.516352527000000
0.515157579000000 0.516382938000000
0.516158079000000 0.516413348000000
0.517158579000000 0.516443759000000
0.518159080000000 0.516474169000000
0.519159580000000 0.516519306000000
0.520160080000000 0.516585689000000
0.521160580000000 0.516652072000000
0.522161081000000 0.516718455000000
0.523161581000000 0.516784839000000
0.524162081000000 0.516851222000000
0.525162581000000 0.516917605000000
0.526163082000000 0.516983988000000
0.527163582000000 0.517050371000000
0.528164082000000 0.517116754000000
0.529164582000000 0.517183137000000
0.530165083000000 0.517249520000000
0.531165583000000 0.517315903000000
0.532166083000000 0.517401774000000
0.533166583000000 0.517489442000000
0.534167084000000 0.517577109000000
0.535167584000000 0.517664776000000
0.536168084000000 0.517752443000000
0.537168584000000 0.517840110000000
0.538169085000000 0.517927777000000
0.539169585000000 0.518015444000000
0.540170085000000 0.518103111000000
0.541170585000000 0.518190778000000
0.542171086000000 0.518278445000000
0.543171586000000 0.518366112000000
0.544172086000000 0.518444670000000
0.545172586000000 0.518510745000000
0.546173087000000 0.518576821000000
0.547173587000000 0.518642896000000
0.548174087000000 0.518708971000000
0.549174587000000 0.518775047000000
0.550175088000000 0.518841122000000
0.551175588000000 0.518907197000000
0.552176088000000 0.518973273000000
0.553176588000000 0.519039348000000
0.554177089000000 0.519105423000000
0.555177589000000 0.519171498000000
0.556178089000000 0.519237574000000
0.557178589000000 0.519289593000000
0.558179090000000 0.519340524000000
0.559179590000000 0.519391455000000
0.560180090000000 0.519442386000000
0.561180590000000 0.519493317000000
0.562181091000000 0.519544248000000
0.563181591000000 0.519595179000000
0.564182091000000 0.519646111000000
0.565182591000000 0.519697042000000
0.566183092000000 0.519747973000000
0.567183592000000 0.519798904000000
0.568184092000000 0.519849835000000
0.569184592000000 0.519911704000000
0.570185093000000 0.519987815000000
0.571185593000000 0.520063927000000
0.572186093000000 0.520140039000000
0.573186593000000 0.520216151000000
0.574187094000000 0.520292262000000
0.575187594000000 0.520368374000000
0.576188094000000 0.520444486000000
0.577188594000000 0.520520597000000
0.578189095000000 0.520596709000000
0.579189595000000 0.520672821000000
0.580190095000000 0.520748933000000
0.581190595000000 0.520825044000000
0.582191096000000 0.520906598000000
0.583191596000000 0.520988496000000
0.584192096000000 0.521070394000000
0.585192596000000 0.521152291000000
0.586193097000000 0.521234189000000
0.587193597000000 0.521316087000000
0.588194097000000 0.521397984000000
0.589194597000000 0.521479882000000
0.590195098000000 0.521561780000000
0.591195598000000 0.521643677000000
0.592196098000000 0.521725575000000
0.593196598000000 0.521807473000000
0.594197099000000 0.521877434000000
0.595197599000000 0.521932621000000
0.596198099000000 0.521987808000000
0.597198599000000 0.522042994000000
0.598199100000000 0.522098181000000
0.599199600000000 0.522153368000000
0.600200100000000 0.522208555000000
0.601200600000000 0.522263742000000
0.602201101000000 0.522318929000000
0.603201601000000 0.522374116000000
0.604202101000000 0.522429303000000
0.605202601000000 0.522484490000000
0.606203102000000 0.522539676000000
0.607203602000000 0.522592851000000
0.608204102000000 0.522645927000000
0.609204602000000 0.522699002000000
0.610205103000000 0.522752078000000
0.611205603000000 0.522805153000000
0.612206103000000 0.522858229000000
0.613206603000000 0.522911305000000
0.614207104000000 0.522964380000000
0.615207604000000 0.523017456000000
0.616208104000000 0.523070531000000
0.617208604000000 0.523123607000000
0.618209105000000 0.523176683000000
0.619209605000000 0.523231808000000
0.620210105000000 0.523289345000000
0.621210605000000 0.523346883000000
0.622211106000000 0.523404420000000
0.623211606000000 0.523461957000000
0.624212106000000 0.523519495000000
0.625212606000000 0.523577032000000
0.626213107000000 0.523634569000000
0.627213607000000 0.523692107000000
0.628214107000000 0.523749644000000
0.629214607000000 0.523807181000000
0.630215108000000 0.523864719000000
0.631215608000000 0.523922256000000
0.632216108000000 0.523966232000000
0.633216608000000 0.524009724000000
0.634217109000000 0.524053217000000
0.635217609000000 0.524096710000000
0.636218109000000 0.524140202000000
0.637218609000000 0.524183695000000
0.638219110000000 0.524227188000000
0.639219610000000 0.524270680000000
0.640220110000000 0.524314173000000
0.641220610000000 0.524357666000000
0.642221111000000 0.524401158000000
0.643221611000000 0.524444651000000
0.644222111000000 0.524478029000000
0.645222611000000 0.524500085000000
0.646223112000000 0.524522142000000
0.647223612000000 0.524544198000000
0.648224112000000 0.524566255000000
0.649224612000000 0.524588311000000
0.650225113000000 0.524610368000000
0.651225613000000 0.524632425000000
0.652226113000000 0.524654481000000
0.653226613000000 0.524676538000000
0.654227114000000 0.524698594000000
0.655227614000000 0.524720651000000
0.656228114000000 0.524742708000000
0.657228614000000 0.524775984000000
0.658229115000000 0.524809511000000
0.659229615000000 0.524843038000000
0.660230115000000 0.524876565000000
0.661230615000000 0.524910092000000
0.662231116000000 0.524943619000000
0.663231616000000 0.524977146000000
0.664232116000000 0.525010673000000
0.665232616000000 0.525044200000000
0.666233117000000 0.525077727000000
0.667233617000000 0.525111254000000
0.668234117000000 0.525144781000000
0.669234617000000 0.525177294000000
0.670235118000000 0.525208727000000
0.671235618000000 0.525240161000000
0.672236118000000 0.525271594000000
0.673236618000000 0.525303028000000
0.674237119000000 0.525334461000000
0.675237619000000 0.525365895000000
0.676238119000000 0.525397328000000
0.677238619000000 0.525428762000000
0.678239120000000 0.525460195000000
0.679239620000000 0.525491629000000
0.680240120000000 0.525523063000000
0.681240620000000 0.525554496000000
0.682241121000000 0.525566043000000
0.683241621000000 0.525577402000000
0.684242121000000 0.525588761000000
0.685242621000000 0.525600120000000
0.686243122000000 0.525611479000000
0.687243622000000 0.525622838000000
0.688244122000000 0.525634197000000
0.689244622000000 0.525645555000000
0.690245123000000 0.525656914000000
0.691245623000000 0.525668273000000
0.692246123000000 0.525679632000000
0.693246623000000 0.525690991000000
0.694247124000000 0.525698508000000
0.695247624000000 0.525702133000000
0.696248124000000 0.525705759000000
0.697248624000000 0.525709385000000
0.698249125000000 0.525713010000000
0.699249625000000 0.525716636000000
0.700250125000000 0.525720262000000
0.701250625000000 0.525723887000000
0.702251126000000 0.525727513000000
0.703251626000000 0.525731139000000
0.704252126000000 0.525734764000000
0.705252626000000 0.525738390000000
0.706253127000000 0.525741997000000
0.707253627000000 0.525739676000000
0.708254127000000 0.525737355000000
0.709254627000000 0.525735034000000
0.710255128000000 0.525732713000000
0.711255628000000 0.525730392000000
0.712256128000000 0.525728070000000
0.713256628000000 0.525725749000000
0.714257129000000 0.525723428000000
0.715257629000000 0.525721107000000
0.716258129000000 0.525718786000000
0.717258629000000 0.525716465000000
0.718259130000000 0.525714144000000
0.719259630000000 0.525710758000000
0.720260130000000 0.525706347000000
0.721260630000000 0.525701936000000
0.722261131000000 0.525697526000000
0.723261631000000 0.525693115000000
0.724262131000000 0.525688704000000
0.725262631000000 0.525684293000000
0.726263132000000 0.525679882000000
0.727263632000000 0.525675471000000
0.728264132000000 0.525671060000000
0.729264632000000 0.525666649000000
0.730265133000000 0.525662239000000
0.731265633000000 0.525657654000000
0.732266133000000 0.525642107000000
0.733266633000000 0.525626560000000
0.734267134000000 0.525611014000000
0.735267634000000 0.525595467000000
0.736268134000000 0.525579920000000
0.737268634000000 0.525564373000000
0.738269135000000 0.525548827000000
0.739269635000000 0.525533280000000
0.740270135000000 0.525517733000000
0.741270635000000 0.525502187000000
0.742271136000000 0.525486640000000
0.743271636000000 0.525471093000000
0.744272136000000 0.525453139000000
0.745272636000000 0.525432980000000
0.746273137000000 0.525412821000000
0.747273637000000 0.525392662000000
0.748274137000000 0.525372502000000
0.749274637000000 0.525352343000000
0.750275138000000 0.525332184000000
0.751275638000000 0.525312025000000
0.752276138000000 0.525291865000000
0.753276638000000 0.525271706000000
0.754277139000000 0.525251547000000
0.755277639000000 0.525231388000000
0.756278139000000 0.525211441000000
0.757278639000000 0.525198823000000
0.758279140000000 0.525186205000000
0.759279640000000 0.525173587000000
0.760280140000000 0.525160970000000
0.761280640000000 0.525148352000000
0.762281141000000 0.525135734000000
0.763281641000000 0.525123117000000
0.764282141000000 0.525110499000000
0.765282641000000 0.525097881000000
0.766283142000000 0.525085264000000
0.767283642000000 0.525072646000000
0.768284142000000 0.525060028000000
0.769284642000000 0.525041950000000
0.770285143000000 0.525019114000000
0.771285643000000 0.524996278000000
0.772286143000000 0.524973442000000
0.773286643000000 0.524950607000000
0.774287144000000 0.524927771000000
0.775287644000000 0.524904935000000
0.776288144000000 0.524882099000000
0.777288644000000 0.524859263000000
0.778289145000000 0.524836427000000
0.779289645000000 0.524813591000000
0.780290145000000 0.524790755000000
0.781290645000000 0.524767559000000
0.782291146000000 0.524735868000000
0.783291646000000 0.524704176000000
0.784292146000000 0.524672485000000
0.785292646000000 0.524640793000000
0.786293147000000 0.524609102000000
0.787293647000000 0.524577410000000
0.788294147000000 0.524545719000000
0.789294647000000 0.524514027000000
0.790295148000000 0.524482336000000
0.791295648000000 0.524450644000000
0.792296148000000 0.524418953000000
0.793296648000000 0.524387261000000
0.794297149000000 0.524358860000000
0.795297649000000 0.524333186000000
0.796298149000000 0.524307512000000
0.797298649000000 0.524281838000000
0.798299150000000 0.524256164000000
0.799299650000000 0.524230490000000
0.800300150000000 0.524204816000000
0.801300650000000 0.524179141000000
0.802301151000000 0.524153467000000
0.803301651000000 0.524127793000000
0.804302151000000 0.524102119000000
0.805302651000000 0.524076445000000
0.806303152000000 0.524051041000000
0.807303652000000 0.524030452000000
0.808304152000000 0.524009864000000
0.809304652000000 0.523989275000000
0.810305153000000 0.523968687000000
0.811305653000000 0.523948098000000
0.812306153000000 0.523927510000000
0.813306653000000 0.523906921000000
0.814307154000000 0.523886333000000
0.815307654000000 0.523865745000000
0.816308154000000 0.523845156000000
0.817308654000000 0.523824568000000
0.818309155000000 0.523803979000000
0.819309655000000 0.523776297000000
0.820310155000000 0.523743027000000
0.821310655000000 0.523709756000000
0.822311156000000 0.523676486000000
0.823311656000000 0.523643216000000
0.824312156000000 0.523609946000000
0.825312656000000 0.523576676000000
0.826313157000000 0.523543406000000
0.827313657000000 0.523510136000000
0.828314157000000 0.523476866000000
0.829314657000000 0.523443595000000
0.830315158000000 0.523410325000000
0.831315658000000 0.523376949000000
0.832316158000000 0.523342066000000
0.833316658000000 0.523307183000000
0.834317159000000 0.523272299000000
0.835317659000000 0.523237416000000
0.836318159000000 0.523202533000000
0.837318659000000 0.523167650000000
0.838319160000000 0.523132766000000
0.839319660000000 0.523097883000000
0.840320160000000 0.523063000000000
0.841320660000000 0.523028116000000
0.842321161000000 0.522993233000000
0.843321661000000 0.522958350000000
0.844322161000000 0.522929112000000
0.845322661000000 0.522904100000000
0.846323162000000 0.522879088000000
0.847323662000000 0.522854076000000
0.848324162000000 0.522829064000000
0.849324662000000 0.522804052000000
0.850325163000000 0.522779040000000
0.851325663000000 0.522754028000000
0.852326163000000 0.522729016000000
0.853326663000000 0.522704004000000
0.854327164000000 0.522678992000000
0.855327664000000 0.522653980000000
0.856328164000000 0.522627586000000
0.857328664000000 0.522584888000000
0.858329165000000 0.522542190000000
0.859329665000000 0.522499492000000
0.860330165000000 0.522456794000000
0.861330665000000 0.522414096000000
0.862331166000000 0.522371398000000
0.863331666000000 0.522328700000000
0.864332166000000 0.522286002000000
0.865332666000000 0.522243304000000
0.866333167000000 0.522200606000000
0.867333667000000 0.522157908000000
0.868334167000000 0.522115210000000
0.869334667000000 0.522070118000000
0.870335168000000 0.522023322000000
0.871335668000000 0.521976526000000
0.872336168000000 0.521929730000000
0.873336668000000 0.521882934000000
0.874337169000000 0.521836138000000
0.875337669000000 0.521789342000000
0.876338169000000 0.521742546000000
0.877338669000000 0.521695750000000
0.878339170000000 0.521648954000000
0.879339670000000 0.521602158000000
0.880340170000000 0.521555362000000
0.881340670000000 0.521510005000000
0.882341171000000 0.521479082000000
0.883341671000000 0.521448158000000
0.884342171000000 0.521417235000000
0.885342671000000 0.521386312000000
0.886343172000000 0.521355388000000
0.887343672000000 0.521324465000000
0.888344172000000 0.521293542000000
0.889344672000000 0.521262618000000
0.890345173000000 0.521231695000000
0.891345673000000 0.521200772000000
0.892346173000000 0.521169848000000
0.893346673000000 0.521138925000000
0.894347174000000 0.521109484000000
0.895347674000000 0.521081044000000
0.896348174000000 0.521052604000000
0.897348674000000 0.521024164000000
0.898349175000000 0.520995723000000
0.899349675000000 0.520967283000000
0.900350175000000 0.520938843000000
0.901350675000000 0.520910403000000
0.902351176000000 0.520881963000000
0.903351676000000 0.520853523000000
0.904352176000000 0.520825083000000
0.905352676000000 0.520796643000000
0.906353177000000 0.520766249000000
0.907353677000000 0.520718862000000
0.908354177000000 0.520671476000000
0.909354677000000 0.520624089000000
0.910355178000000 0.520576703000000
0.911355678000000 0.520529317000000
0.912356178000000 0.520481930000000
0.913356678000000 0.520434544000000
0.914357179000000 0.520387157000000
0.915357679000000 0.520339771000000
0.916358179000000 0.520292385000000
0.917358679000000 0.520244998000000
0.918359180000000 0.520197612000000
0.919359680000000 0.520150936000000
0.920360180000000 0.520104716000000
0.921360680000000 0.520058496000000
0.922361181000000 0.520012275000000
0.923361681000000 0.519966055000000
0.924362181000000 0.519919835000000
0.925362681000000 0.519873615000000
0.926363182000000 0.519827394000000
0.927363682000000 0.519781174000000
0.928364182000000 0.519734954000000
0.929364682000000 0.519688734000000
0.930365183000000 0.519642513000000
0.931365683000000 0.519598644000000
0.932366183000000 0.519572757000000
0.933366683000000 0.519546869000000
0.934367184000000 0.519520982000000
0.935367684000000 0.519495095000000
0.936368184000000 0.519469207000000
0.937368684000000 0.519443320000000
0.938369185000000 0.519417433000000
0.939369685000000 0.519391545000000
0.940370185000000 0.519365658000000
0.941370685000000 0.519339771000000
0.942371186000000 0.519313883000000
0.943371686000000 0.519287996000000
0.944372186000000 0.519281736000000
0.945372686000000 0.519287410000000
0.946373187000000 0.519293085000000
0.947373687000000 0.519298759000000
0.948374187000000 0.519304433000000
0.949374687000000 0.519310108000000
0.950375188000000 0.519315782000000
0.951375688000000 0.519321456000000
0.952376188000000 0.519327131000000
0.953376688000000 0.519332805000000
0.954377189000000 0.519338479000000
0.955377689000000 0.519344154000000
0.956378189000000 0.519382910000000
0.957378689000000 0.519646787000000
0.958379190000000 0.519910664000000
0.959379690000000 0.520174541000000
0.960380190000000 0.520438418000000
0.961380690000000 0.520702295000000
0.962381191000000 0.520966172000000
0.963381691000000 0.521230049000000
0.964382191000000 0.521493926000000
0.965382691000000 0.521757803000000
0.966383192000000 0.522021680000000
0.967383692000000 0.522285557000000
0.968384192000000 0.522549434000000
0.969384692000000 0.522582628000000
0.970385193000000 0.522482866000000
0.971385693000000 0.522383104000000
0.972386193000000 0.522283342000000
0.973386693000000 0.522183581000000
0.974387194000000 0.522083819000000
0.975387694000000 0.521984057000000
0.976388194000000 0.521884295000000
0.977388694000000 0.521784533000000
0.978389195000000 0.521684771000000
0.979389695000000 0.521585010000000
0.980390195000000 0.521485248000000
0.981390695000000 0.521347469000000
0.982391196000000 0.520977364000000
0.983391696000000 0.520607260000000
0.984392196000000 0.520237155000000
0.985392696000000 0.519867050000000
0.986393197000000 0.519496946000000
0.987393697000000 0.519126841000000
0.988394197000000 0.518756736000000
0.989394697000000 0.518386632000000
0.990395198000000 0.518016527000000
0.991395698000000 0.517646423000000
0.992396198000000 0.517276318000000
0.993396698000000 0.516906213000000
0.994397199000000 0.516743166000000
0.995397699000000 0.516693151000000
0.996398199000000 0.516643136000000
0.997398699000000 0.516593121000000
0.998399200000000 0.516543106000000
0.999399700000000 0.516493091000000
1.000400200000000 0.516443076000000
1.001400700000000 0.516393061000000
1.002401201000000 0.516343045000000
1.003401701000000 0.516293030000000
1.004402201000000 0.516243015000000
1.005402701000000 0.516193000000000
1.006403202000000 0.516141179000000
1.007403702000000 0.516079370000000
1.008404202000000 0.516017562000000
1.009404702000000 0.515955753000000
1.010405203000000 0.515893944000000
1.011405703000000 0.515832135000000
1.012406203000000 0.515770327000000
1.013406703000000 0.515708518000000
1.014407204000000 0.515646709000000
1.015407704000000 0.515584900000000
1.016408204000000 0.515523091000000
1.017408704000000 0.515461283000000
1.018409205000000 0.515399474000000
1.019409705000000 0.515319459000000
1.020410205000000 0.515230039000000
1.021410705000000 0.515140620000000
1.022411206000000 0.515051200000000
1.023411706000000 0.514961780000000
1.024412206000000 0.514872360000000
1.025412706000000 0.514782941000000
1.026413207000000 0.514693521000000
1.027413707000000 0.514604101000000
1.028414207000000 0.514514682000000
1.029414707000000 0.514425262000000
1.030415208000000 0.514335842000000
1.031415708000000 0.514248645000000
1.032416208000000 0.514172644000000
1.033416708000000 0.514096644000000
1.034417209000000 0.514020643000000
1.035417709000000 0.513944643000000
1.036418209000000 0.513868642000000
1.037418709000000 0.513792642000000
1.038419210000000 0.513716641000000
1.039419710000000 0.513640641000000
1.040420210000000 0.513564641000000
1.041420710000000 0.513488640000000
1.042421211000000 0.513412640000000
1.043421711000000 0.513336639000000
1.044422211000000 0.513280649000000
1.045422711000000 0.513234431000000
1.046423212000000 0.513188214000000
1.047423712000000 0.513141996000000
1.048424212000000 0.513095778000000
1.049424712000000 0.513049561000000
1.050425213000000 0.513003343000000
1.051425713000000 0.512957125000000
1.052426213000000 0.512910908000000
1.053426713000000 0.512864690000000
1.054427214000000 0.512818472000000
1.055427714000000 0.512772255000000
1.056428214000000 0.512722121000000
1.057428714000000 0.512653922000000
1.058429215000000 0.512585723000000
1.059429715000000 0.512517524000000
1.060430215000000 0.512449325000000
1.061430715000000 0.512381126000000
1.062431216000000 0.512312927000000
1.063431716000000 0.512244727000000
1.064432216000000 0.512176528000000
1.065432716000000 0.512108329000000
1.066433217000000 0.512040130000000
1.067433717000000 0.511971931000000
1.068434217000000 0.511903732000000
1.069434717000000 0.511836398000000
1.070435218000000 0.511769462000000
1.071435718000000 0.511702527000000
1.072436218000000 0.511635592000000
1.073436718000000 0.511568657000000
1.074437219000000 0.511501722000000
1.075437719000000 0.511434786000000
1.076438219000000 0.511367851000000
1.077438719000000 0.511300916000000
1.078439220000000 0.511233981000000
1.079439720000000 0.511167046000000
1.080440220000000 0.511100110000000
1.081440720000000 0.511037770000000
1.082441221000000 0.510994941000000
1.083441721000000 0.510952111000000
1.084442221000000 0.510909282000000
1.085442721000000 0.510866452000000
1.086443222000000 0.510823623000000
1.087443722000000 0.510780793000000
1.088444222000000 0.510737964000000
1.089444722000000 0.510695134000000
1.090445223000000 0.510652304000000
1.091445723000000 0.510609475000000
1.092446223000000 0.510566645000000
1.093446723000000 0.510523816000000
1.094447224000000 0.510476476000000
1.095447724000000 0.510427174000000
1.096448224000000 0.510377872000000
1.097448724000000 0.510328570000000
1.098449225000000 0.510279268000000
1.099449725000000 0.510229966000000
1.100450225000000 0.510180664000000
1.101450725000000 0.510131362000000
1.102451226000000 0.510082060000000
1.103451726000000 0.510032758000000
1.104452226000000 0.509983456000000
1.105452726000000 0.509934154000000
1.106453227000000 0.509885156000000
1.107453727000000 0.509837353000000
1.108454227000000 0.509789550000000
1.109454727000000 0.509741746000000
1.110455228000000 0.509693943000000
1.111455728000000 0.509646139000000
1.112456228000000 0.509598336000000
1.113456728000000 0.509550532000000
1.114457229000000 0.509502729000000
1.115457729000000 0.509454925000000
1.116458229000000 0.509407122000000
1.117458729000000 0.509359319000000
1.118459230000000 0.509311515000000
1.119459730000000 0.509258715000000
1.120460230000000 0.509203867000000
1.121460730000000 0.509149019000000
1.122461231000000 0.509094171000000
1.123461731000000 0.509039323000000
1.124462231000000 0.508984475000000
1.125462731000000 0.508929628000000
1.126463232000000 0.508874780000000
1.127463732000000 0.508819932000000
1.128464232000000 0.508765084000000
1.129464732000000 0.508710236000000
1.130465233000000 0.508655389000000
1.131465733000000 0.508600133000000
1.132466233000000 0.508543394000000
1.133466733000000 0.508486655000000
1.134467234000000 0.508429916000000
1.135467734000000 0.508373177000000
1.136468234000000 0.508316438000000
1.137468734000000 0.508259699000000
1.138469235000000 0.508202960000000
1.139469735000000 0.508146221000000
1.140470235000000 0.508089482000000
1.141470735000000 0.508032743000000
1.142471236000000 0.507976004000000
1.143471736000000 0.507919266000000
1.144472236000000 0.507878551000000
1.145472736000000 0.507844010000000
1.146473237000000 0.507809469000000
1.147473737000000 0.507774929000000
1.148474237000000 0.507740388000000
1.149474737000000 0.507705847000000
1.150475238000000 0.507671306000000
1.151475738000000 0.507636766000000
1.152476238000000 0.507602225000000
1.153476738000000 0.507567684000000
1.154477239000000 0.507533143000000
1.155477739000000 0.507498603000000
1.156478239000000 0.507466174000000
1.157478739000000 0.507440893000000
1.158479240000000 0.507415612000000
1.159479740000000 0.507390330000000
1.160480240000000 0.507365049000000
1.161480740000000 0.507339768000000
1.162481241000000 0.507314487000000
1.163481741000000 0.507289206000000
1.164482241000000 0.507263924000000
1.165482741000000 0.507238643000000
1.166483242000000 0.507213362000000
1.167483742000000 0.507188081000000
1.168484242000000 0.507162800000000
1.169484742000000 0.507128643000000
1.170485243000000 0.507091276000000
1.171485743000000 0.507053909000000
1.172486243000000 0.507016541000000
1.173486743000000 0.506979174000000
1.174487244000000 0.506941807000000
1.175487744000000 0.506904440000000
1.176488244000000 0.506867073000000
1.177488744000000 0.506829706000000
1.178489245000000 0.506792339000000
1.179489745000000 0.506754972000000
1.180490245000000 0.506717604000000
1.181490745000000 0.506681705000000
1.182491246000000 0.506650437000000
1.183491746000000 0.506619170000000
1.184492246000000 0.506587902000000
1.185492746000000 0.506556634000000
1.186493247000000 0.506525366000000
1.187493747000000 0.506494099000000
1.188494247000000 0.506462831000000
1.189494747000000 0.506431563000000
1.190495248000000 0.506400295000000
1.191495748000000 0.506369028000000
1.192496248000000 0.506337760000000
1.193496748000000 0.506306492000000
1.194497249000000 0.506291232000000
1.195497749000000 0.506281396000000
1.196498249000000 0.506271561000000
1.197498749000000 0.506261725000000
1.198499250000000 0.506251889000000
1.199499750000000 0.506242054000000
1.200500250000000 0.506232218000000
1.201500750000000 0.506222383000000
1.202501251000000 0.506212547000000
1.203501751000000 0.506202712000000
1.204502251000000 0.506192876000000
1.205502751000000 0.506183041000000
1.206503252000000 0.506174684000000
1.207503752000000 0.506170693000000
1.208504252000000 0.506166702000000
1.209504752000000 0.506162711000000
1.210505253000000 0.506158719000000
1.211505753000000 0.506154728000000
1.212506253000000 0.506150737000000
1.213506753000000 0.506146745000000
1.214507254000000 0.506142754000000
1.215507754000000 0.506138763000000
1.216508254000000 0.506134771000000
1.217508754000000 0.506130780000000
1.218509255000000 0.506126789000000
1.219509755000000 0.506128962000000
1.220510255000000 0.506133089000000
1.221510755000000 0.506137216000000
1.222511256000000 0.506141343000000
1.223511756000000 0.506145470000000
1.224512256000000 0.506149597000000
1.225512756000000 0.506153724000000
1.226513257000000 0.506157851000000
1.227513757000000 0.506161978000000
1.228514257000000 0.506166105000000
1.229514757000000 0.506170232000000
1.230515258000000 0.506174359000000
1.231515758000000 0.506179670000000
1.232516258000000 0.506188254000000
1.233516758000000 0.506196838000000
1.234517259000000 0.506205422000000
1.235517759000000 0.506214006000000
1.236518259000000 0.506222590000000
1.237518759000000 0.506231174000000
1.238519260000000 0.506239758000000
1.239519760000000 0.506248342000000
1.240520260000000 0.506256926000000
1.241520760000000 0.506265509000000
1.242521261000000 0.506274093000000
1.243521761000000 0.506282677000000
1.244522261000000 0.506296583000000
1.245522761000000 0.506312062000000
1.246523262000000 0.506327541000000
1.247523762000000 0.506343020000000
1.248524262000000 0.506358499000000
1.249524762000000 0.506373978000000
1.250525263000000 0.506389457000000
1.251525763000000 0.506404936000000
1.252526263000000 0.506420415000000
1.253526763000000 0.506435894000000
1.254527264000000 0.506451373000000
1.255527764000000 0.506466852000000
1.256528264000000 0.506484447000000
1.257528764000000 0.506507535000000
1.258529265000000 0.506530623000000
1.259529765000000 0.506553710000000
1.260530265000000 0.506576798000000
1.261530765000000 0.506599886000000
1.262531266000000 0.506622973000000
1.263531766000000 0.506646061000000
1.264532266000000 0.506669149000000
1.265532766000000 0.506692237000000
1.266533267000000 0.506715324000000
1.267533767000000 0.506738412000000
1.268534267000000 0.506761500000000
1.269534767000000 0.506801047000000
1.270535268000000 0.506845119000000
1.271535768000000 0.506889191000000
1.272536268000000 0.506933263000000
1.273536768000000 0.506977335000000
1.274537269000000 0.507021407000000
1.275537769000000 0.507065479000000
1.276538269000000 0.507109551000000
1.277538769000000 0.507153623000000
1.278539270000000 0.507197695000000
1.279539770000000 0.507241766000000
1.280540270000000 0.507285838000000
1.281540770000000 0.507333762000000
1.282541271000000 0.507391086000000
1.283541771000000 0.507448410000000
1.284542271000000 0.507505735000000
1.285542771000000 0.507563059000000
1.286543272000000 0.507620383000000
1.287543772000000 0.507677707000000
1.288544272000000 0.507735032000000
1.289544772000000 0.507792356000000
1.290545273000000 0.507849680000000
1.291545773000000 0.507907004000000
1.292546273000000 0.507964329000000
1.293546773000000 0.508021653000000
1.294547274000000 0.508070931000000
1.295547774000000 0.508118159000000
1.296548274000000 0.508165386000000
1.297548774000000 0.508212614000000
1.298549275000000 0.508259841000000
1.299549775000000 0.508307069000000
1.300550275000000 0.508354297000000
1.301550775000000 0.508401524000000
1.302551276000000 0.508448752000000
1.303551776000000 0.508495979000000
1.304552276000000 0.508543207000000
1.305552776000000 0.508590434000000
1.306553277000000 0.508646543000000
1.307553777000000 0.508723069000000
1.308554277000000 0.508799594000000
1.309554777000000 0.508876120000000
1.310555278000000 0.508952646000000
1.311555778000000 0.509029172000000
1.312556278000000 0.509105698000000
1.313556778000000 0.509182224000000
1.314557279000000 0.509258749000000
1.315557779000000 0.509335275000000
1.316558279000000 0.509411801000000
1.317558779000000 0.509488327000000
1.318559280000000 0.509564853000000
1.319559780000000 0.509654739000000
1.320560280000000 0.509747772000000
1.321560780000000 0.509840804000000
1.322561281000000 0.509933837000000
1.323561781000000 0.510026870000000
1.324562281000000 0.510119903000000
1.325562781000000 0.510212935000000
1.326563282000000 0.510305968000000
1.327563782000000 0.510399001000000
1.328564282000000 0.510492034000000
1.329564782000000 0.510585067000000
1.330565283000000 0.510678099000000
1.331565783000000 0.510774906000000
1.332566283000000 0.510879894000000
1.333566783000000 0.510984882000000
1.334567284000000 0.511089870000000
1.335567784000000 0.511194859000000
1.336568284000000 0.511299847000000
1.337568784000000 0.511404835000000
1.338569285000000 0.511509824000000
1.339569785000000 0.511614812000000
1.340570285000000 0.511719800000000
1.341570785000000 0.511824788000000
1.342571286000000 0.511929777000000
1.343571786000000 0.512034765000000
1.344572286000000 0.512222762000000
1.345572786000000 0.512428751000000
1.346573287000000 0.512634739000000
1.347573787000000 0.512840727000000
1.348574287000000 0.513046715000000
1.349574787000000 0.513252703000000
1.350575288000000 0.513458691000000
1.351575788000000 0.513664679000000
1.352576288000000 0.513870667000000
1.353576788000000 0.514076655000000
1.354577289000000 0.514282643000000
1.355577789000000 0.514488631000000
1.356578289000000 0.514663753000000
1.357578789000000 0.514775674000000
1.358579290000000 0.514887595000000
1.359579790000000 0.514999515000000
1.360580290000000 0.515111436000000
1.361580790000000 0.515223357000000
1.362581291000000 0.515335278000000
1.363581791000000 0.515447198000000
1.364582291000000 0.515559119000000
1.365582791000000 0.515671040000000
1.366583292000000 0.515782960000000
1.367583792000000 0.515894881000000
1.368584292000000 0.516006802000000
1.369584792000000 0.516118723000000
1.370585293000000 0.516230643000000
1.371585793000000 0.516342564000000
1.372586293000000 0.516454485000000
1.373586793000000 0.516566405000000
1.374587294000000 0.516678326000000
1.375587794000000 0.516790247000000
1.376588294000000 0.516902168000000
1.377588794000000 0.517014088000000
1.378589295000000 0.517126009000000
1.379589795000000 0.517237930000000
1.380590295000000 0.517349850000000
1.381590795000000 0.517441513000000
1.382591296000000 0.517493961000000
1.383591796000000 0.517546408000000
1.384592296000000 0.517598855000000
1.385592796000000 0.517651303000000
1.386593297000000 0.517703750000000
1.387593797000000 0.517756198000000
1.388594297000000 0.517808645000000
1.389594797000000 0.517861093000000
1.390595298000000 0.517913540000000
1.391595798000000 0.517965988000000
1.392596298000000 0.518018435000000
1.393596798000000 0.518070883000000
1.394597299000000 0.518123330000000
1.395597799000000 0.518175778000000
1.396598299000000 0.518228225000000
1.397598799000000 0.518280673000000
1.398599300000000 0.518333120000000
1.399599800000000 0.518385567000000
1.400600300000000 0.518438015000000
1.401600800000000 0.518490462000000
1.402601301000000 0.518542910000000
1.403601801000000 0.518595357000000
1.404602301000000 0.518647805000000
1.405602801000000 0.518700252000000
1.406603302000000 0.518757180000000
1.407603802000000 0.518822314000000
1.408604302000000 0.518887449000000
1.409604802000000 0.518952584000000
1.410605303000000 0.519017718000000
1.411605803000000 0.519082853000000
1.412606303000000 0.519147987000000
1.413606803000000 0.519213122000000
1.414607304000000 0.519278256000000
1.415607804000000 0.519343391000000
1.416608304000000 0.519408526000000
1.417608804000000 0.519473660000000
1.418609305000000 0.519538795000000
1.419609805000000 0.519677192000000
1.420610305000000 0.519827578000000
1.421610805000000 0.519977964000000
1.422611306000000 0.520128351000000
1.423611806000000 0.520278737000000
1.424612306000000 0.520429123000000
1.425612806000000 0.520579509000000
1.426613307000000 0.520729895000000
1.427613807000000 0.520880281000000
1.428614307000000 0.521030667000000
1.429614807000000 0.521181053000000
1.430615308000000 0.521331439000000
1.431615808000000 0.521485266000000
1.432616308000000 0.521645065000000
1.433616808000000 0.521804863000000
1.434617309000000 0.521964661000000
1.435617809000000 0.522124460000000
1.436618309000000 0.522284258000000
1.437618809000000 0.522444056000000
1.438619310000000 0.522603855000000
1.439619810000000 0.522763653000000
1.440620310000000 0.522923451000000
1.441620810000000 0.523083250000000
1.442621311000000 0.523243048000000
1.443621811000000 0.523402846000000
1.444622311000000 0.523527410000000
1.445622811000000 0.523646796000000
1.446623312000000 0.523766182000000
1.447623812000000 0.523885568000000
1.448624312000000 0.524004954000000
1.449624812000000 0.524124340000000
1.450625313000000 0.524243726000000
1.451625813000000 0.524363112000000
1.452626313000000 0.524482498000000
1.453626813000000 0.524601884000000
1.454627314000000 0.524721269000000
1.455627814000000 0.524840655000000
1.456628314000000 0.524992819000000
1.457628814000000 0.525198889000000
1.458629315000000 0.525404960000000
1.459629815000000 0.525611030000000
1.460630315000000 0.525817101000000
1.461630815000000 0.526023171000000
1.462631316000000 0.526229242000000
1.463631816000000 0.526435312000000
1.464632316000000 0.526641383000000
1.465632816000000 0.526847453000000
1.466633317000000 0.527053524000000
1.467633817000000 0.527259594000000
1.468634317000000 0.527465665000000
1.469634817000000 0.527678489000000
1.470635318000000 0.527892196000000
1.471635818000000 0.528105904000000
1.472636318000000 0.528319611000000
1.473636818000000 0.528533318000000
1.474637319000000 0.528747026000000
1.475637819000000 0.528960733000000
1.476638319000000 0.529174440000000
1.477638819000000 0.529388147000000
1.478639320000000 0.529601855000000
1.479639820000000 0.529815562000000
1.480640320000000 0.530029269000000
1.481640820000000 0.530217396000000
1.482641321000000 0.530365616000000
1.483641821000000 0.530513836000000
1.484642321000000 0.530662057000000
1.485642821000000 0.530810277000000
1.486643322000000 0.530958498000000
1.487643822000000 0.531106718000000
1.488644322000000 0.531254938000000
1.489644822000000 0.531403159000000
1.490645323000000 0.531551379000000
1.491645823000000 0.531699600000000
1.492646323000000 0.531847820000000
1.493646823000000 0.531996040000000
1.494647324000000 0.532151323000000
1.495647824000000 0.532307417000000
1.496648324000000 0.532463511000000
1.497648824000000 0.532619606000000
1.498649325000000 0.532775700000000
1.499649825000000 0.532931794000000
1.500650325000000 0.533087889000000
1.501650825000000 0.533243983000000
1.502651326000000 0.533400077000000
1.503651826000000 0.533556172000000
1.504652326000000 0.533712266000000
1.505652826000000 0.533868360000000
1.506653327000000 0.534027012000000
1.507653827000000 0.534189449000000
1.508654327000000 0.534351887000000
1.509654827000000 0.534514325000000
1.510655328000000 0.534676763000000
1.511655828000000 0.534839201000000
1.512656328000000 0.535001638000000
1.513656828000000 0.535164076000000
1.514657329000000 0.535326514000000
1.515657829000000 0.535488952000000
1.516658329000000 0.535651389000000
1.517658829000000 0.535813827000000
1.518659330000000 0.535976265000000
1.519659830000000 0.536218229000000
1.520660330000000 0.536468118000000
1.521660830000000 0.536718008000000
1.522661331000000 0.536967897000000
1.523661831000000 0.537217787000000
1.524662331000000 0.537467676000000
1.525662831000000 0.537717566000000
1.526663332000000 0.537967455000000
1.527663832000000 0.538217344000000
1.528664332000000 0.538467234000000
1.529664832000000 0.538717123000000
1.530665333000000 0.538967013000000
1.531665833000000 0.539218411000000
1.532666333000000 0.539471932000000
1.533666833000000 0.539725452000000
1.534667334000000 0.539978973000000
1.535667834000000 0.540232494000000
1.536668334000000 0.540486014000000
1.537668834000000 0.540739535000000
1.538669335000000 0.540993055000000
1.539669835000000 0.541246576000000
1.540670335000000 0.541500097000000
1.541670835000000 0.541753617000000
1.542671336000000 0.542007138000000
1.543671836000000 0.542260658000000
1.544672336000000 0.542442259000000
1.545672836000000 0.542617764000000
1.546673337000000 0.542793270000000
1.547673837000000 0.542968775000000
1.548674337000000 0.543144281000000
1.549674837000000 0.543319786000000
1.550675338000000 0.543495292000000
1.551675838000000 0.543670797000000
1.552676338000000 0.543846302000000
1.553676838000000 0.544021808000000
1.554677339000000 0.544197313000000
1.555677839000000 0.544372819000000
1.556678339000000 0.544589843000000
1.557678839000000 0.544862326000000
1.558679340000000 0.545134809000000
1.559679840000000 0.545407292000000
1.560680340000000 0.545679775000000
1.561680840000000 0.545952259000000
1.562681341000000 0.546224742000000
1.563681841000000 0.546497225000000
1.564682341000000 0.546769708000000
1.565682841000000 0.547042191000000
1.566683342000000 0.547314674000000
1.567683842000000 0.547587157000000
1.568684342000000 0.547859641000000
1.569684842000000 0.548134528000000
1.570685343000000 0.548409584000000
1.571685843000000 0.548684641000000
1.572686343000000 0.548959697000000
1.573686843000000 0.549234753000000
1.574687344000000 0.549509810000000
1.575687844000000 0.549784866000000
1.576688344000000 0.550059922000000
1.577688844000000 0.550334979000000
1.578689345000000 0.550610035000000
1.579689845000000 0.550885091000000
1.580690345000000 0.551160148000000
1.581690845000000 0.551390962000000
1.582691346000000 0.551565612000000
1.583691846000000 0.551740262000000
1.584692346000000 0.551914912000000
1.585692846000000 0.552089562000000
1.586693347000000 0.552264212000000
1.587693847000000 0.552438861000000
1.588694347000000 0.552613511000000
1.589694847000000 0.552788161000000
1.590695348000000 0.552962811000000
1.591695848000000 0.553137461000000
1.592696348000000 0.553312111000000
1.593696848000000 0.553486761000000
1.594697349000000 0.553663495000000
1.595697849000000 0.553840347000000
1.596698349000000 0.554017199000000
1.597698849000000 0.554194051000000
1.598699350000000 0.554370903000000
1.599699850000000 0.554547754000000
1.600700350000000 0.554724606000000
1.601700850000000 0.554901458000000
1.602701351000000 0.555078310000000
1.603701851000000 0.555255162000000
1.604702351000000 0.555432014000000
1.605702851000000 0.555608865000000
1.606703352000000 0.555792310000000
1.607703852000000 0.555983710000000
1.608704352000000 0.556175110000000
1.609704852000000 0.556366510000000
1.610705353000000 0.556557911000000
1.611705853000000 0.556749311000000
1.612706353000000 0.556940711000000
1.613706853000000 0.557132111000000
1.614707354000000 0.557323512000000
1.615707854000000 0.557514912000000
1.616708354000000 0.557706312000000
1.617708854000000 0.557897712000000
1.618709355000000 0.558089113000000
1.619709855000000 0.558376087000000
1.620710355000000 0.558667109000000
1.621710855000000 0.558958131000000
1.622711356000000 0.559249153000000
1.623711856000000 0.559540174000000
1.624712356000000 0.559831196000000
1.625712856000000 0.560122218000000
1.626713357000000 0.560413240000000
1.627713857000000 0.560704261000000
1.628714357000000 0.560995283000000
1.629714857000000 0.561286305000000
1.630715358000000 0.561577327000000
1.631715858000000 0.561868404000000
1.632716358000000 0.562159543000000
1.633716858000000 0.562450683000000
1.634717359000000 0.562741823000000
1.635717859000000 0.563032963000000
1.636718359000000 0.563324103000000
1.637718859000000 0.563615243000000
1.638719360000000 0.563906383000000
1.639719860000000 0.564197522000000
1.640720360000000 0.564488662000000
1.641720860000000 0.564779802000000
1.642721361000000 0.565070942000000
1.643721861000000 0.565362082000000
1.644722361000000 0.565562208000000
1.645722861000000 0.565759701000000
1.646723362000000 0.565957193000000
1.647723862000000 0.566154686000000
1.648724362000000 0.566352178000000
1.649724862000000 0.566549671000000
1.650725363000000 0.566747163000000
1.651725863000000 0.566944656000000
1.652726363000000 0.567142148000000
1.653726863000000 0.567339641000000
1.654727364000000 0.567537133000000
1.655727864000000 0.567734626000000
1.656728364000000 0.567933673000000
1.657728864000000 0.568134418000000
1.658729365000000 0.568335162000000
1.659729865000000 0.568535907000000
1.660730365000000 0.568736652000000
1.661730865000000 0.568937396000000
1.662731366000000 0.569138141000000
1.663731866000000 0.569338886000000
1.664732366000000 0.569539630000000
1.665732866000000 0.569740375000000
1.666733367000000 0.569941119000000
1.667733867000000 0.570141864000000
1.668734367000000 0.570342609000000
1.669734867000000 0.570641335000000
1.670735368000000 0.570941616000000
1.671735868000000 0.571241898000000
1.672736368000000 0.571542179000000
1.673736868000000 0.571842461000000
1.674737369000000 0.572142742000000
1.675737869000000 0.572443024000000
1.676738369000000 0.572743305000000
1.677738869000000 0.573043587000000
1.678739370000000 0.573343868000000
1.679739870000000 0.573644149000000
1.680740370000000 0.573944431000000
1.681740870000000 0.574245133000000
1.682741371000000 0.574546270000000
1.683741871000000 0.574847408000000
1.684742371000000 0.575148546000000
1.685742871000000 0.575449684000000
1.686743372000000 0.575750822000000
1.687743872000000 0.576051960000000
1.688744372000000 0.576353098000000
1.689744872000000 0.576654235000000
1.690745373000000 0.576955373000000
1.691745873000000 0.577256511000000
1.692746373000000 0.577557649000000
1.693746873000000 0.577858787000000
1.694747374000000 0.578059933000000
1.695747874000000 0.578260766000000
1.696748374000000 0.578461599000000
1.697748874000000 0.578662431000000
1.698749375000000 0.578863264000000
1.699749875000000 0.579064097000000
1.700750375000000 0.579264929000000
1.701750875000000 0.579465762000000
1.702751376000000 0.579666595000000
1.703751876000000 0.579867428000000
1.704752376000000 0.580068260000000
1.705752876000000 0.580269093000000
1.706753377000000 0.580520536000000
1.707753877000000 0.580821960000000
1.708754377000000 0.581123384000000
1.709754877000000 0.581424808000000
1.710755378000000 0.581726232000000
1.711755878000000 0.582027656000000
1.712756378000000 0.582329080000000
1.713756878000000 0.582630504000000
1.714757379000000 0.582931928000000
1.715757879000000 0.583233352000000
1.716758379000000 0.583534776000000
1.717758879000000 0.583836200000000
1.718759380000000 0.584137623000000
1.719759880000000 0.584438912000000
1.720760380000000 0.584740202000000
1.721760880000000 0.585041491000000
1.722761381000000 0.585342780000000
1.723761881000000 0.585644070000000
1.724762381000000 0.585945359000000
1.725762881000000 0.586246648000000
1.726763382000000 0.586547938000000
1.727763882000000 0.586849227000000
1.728764382000000 0.587150516000000
1.729764882000000 0.587451806000000
1.730765383000000 0.587753095000000
1.731765883000000 0.588001415000000
1.732766383000000 0.588199977000000
1.733766883000000 0.588398539000000
1.734767384000000 0.588597100000000
1.735767884000000 0.588795662000000
1.736768384000000 0.588994224000000
1.737768884000000 0.589192785000000
1.738769385000000 0.589391347000000
1.739769885000000 0.589589909000000
1.740770385000000 0.589788471000000
1.741770885000000 0.589987032000000
1.742771386000000 0.590185594000000
1.743771886000000 0.590384188000000
1.744772386000000 0.590584238000000
1.745772886000000 0.590784288000000
1.746773387000000 0.590984339000000
1.747773887000000 0.591184389000000
1.748774387000000 0.591384439000000
1.749774887000000 0.591584489000000
1.750775388000000 0.591784539000000
1.751775888000000 0.591984589000000
1.752776388000000 0.592184639000000
1.753776888000000 0.592384690000000
1.754777389000000 0.592584740000000
1.755777889000000 0.592784790000000
1.756778389000000 0.592985560000000
1.757778889000000 0.593186975000000
1.758779390000000 0.593388389000000
1.759779890000000 0.593589803000000
1.760780390000000 0.593791217000000
1.761780890000000 0.593992631000000
1.762781391000000 0.594194046000000
1.763781891000000 0.594395460000000
1.764782391000000 0.594596874000000
1.765782891000000 0.594798288000000
1.766783392000000 0.594999703000000
1.767783892000000 0.595201117000000
1.768784392000000 0.595406314000000
1.769784892000000 0.595717776000000
1.770785393000000 0.596029238000000
1.771785893000000 0.596340700000000
1.772786393000000 0.596652162000000
1.773786893000000 0.596963625000000
1.774787394000000 0.597275087000000
1.775787894000000 0.597586549000000
1.776788394000000 0.597898011000000
1.777788894000000 0.598209473000000
1.778789395000000 0.598520935000000
1.779789895000000 0.598832397000000
1.780790395000000 0.599143859000000
1.781790895000000 0.599454544000000
1.782791396000000 0.599764567000000
1.783791896000000 0.600074590000000
1.784792396000000 0.600384614000000
1.785792896000000 0.600694637000000
1.786793397000000 0.601004660000000
1.787793897000000 0.601314684000000
1.788794397000000 0.601624707000000
1.789794897000000 0.601934730000000
1.790795398000000 0.602244754000000
1.791795898000000 0.602554777000000
1.792796398000000 0.602864800000000
1.793796898000000 0.603169468000000
1.794797399000000 0.603365238000000
1.795797899000000 0.603561009000000
1.796798399000000 0.603756779000000
1.797798899000000 0.603952549000000
1.798799400000000 0.604148319000000
1.799799900000000 0.604344089000000
1.800800400000000 0.604539860000000
1.801800900000000 0.604735630000000
1.802801401000000 0.604931400000000
1.803801901000000 0.605127170000000
1.804802401000000 0.605322940000000
1.805802901000000 0.605518711000000
1.806803402000000 0.605767275000000
1.807803902000000 0.606058492000000
1.808804402000000 0.606349709000000
1.809804902000000 0.606640925000000
1.810805403000000 0.606932142000000
1.811805903000000 0.607223359000000
1.812806403000000 0.607514576000000
1.813806903000000 0.607805793000000
1.814807404000000 0.608097010000000
1.815807904000000 0.608388227000000
1.816808404000000 0.608679444000000
1.817808904000000 0.608970660000000
1.818809405000000 0.609261766000000
1.819809905000000 0.609551116000000
1.820810405000000 0.609840466000000
1.821810905000000 0.610129816000000
1.822811406000000 0.610419166000000
1.823811906000000 0.610708515000000
1.824812406000000 0.610997865000000
1.825812906000000 0.611287215000000
1.826813407000000 0.611576565000000
1.827813907000000 0.611865915000000
1.828814407000000 0.612155264000000
1.829814907000000 0.612444614000000
1.830815408000000 0.612733964000000
1.831815908000000 0.612970559000000
1.832816408000000 0.613166640000000
1.833816908000000 0.613362722000000
1.834817409000000 0.613558803000000
1.835817909000000 0.613754885000000
1.836818409000000 0.613950966000000
1.837818909000000 0.614147048000000
1.838819410000000 0.614343130000000
1.839819910000000 0.614539211000000
1.840820410000000 0.614735293000000
1.841820910000000 0.614931374000000
1.842821411000000 0.615127456000000
1.843821911000000 0.615323569000000
1.844822411000000 0.615520089000000
1.845822911000000 0.615716609000000
1.846823412000000 0.615913129000000
1.847823912000000 0.616109650000000
1.848824412000000 0.616306170000000
1.849824912000000 0.616502690000000
1.850825413000000 0.616699210000000
1.851825913000000 0.616895731000000
1.852826413000000 0.617092251000000
1.853826913000000 0.617288771000000
1.854827414000000 0.617485292000000
1.855827914000000 0.617681812000000
1.856828414000000 0.617936415000000
1.857828914000000 0.618233404000000
1.858829415000000 0.618530392000000
1.859829915000000 0.618827380000000
1.860830415000000 0.619124369000000
1.861830915000000 0.619421357000000
1.862831416000000 0.619718346000000
1.863831916000000 0.620015334000000
1.864832416000000 0.620312322000000
1.865832916000000 0.620609311000000
1.866833417000000 0.620906299000000
1.867833917000000 0.621203288000000
1.868834417000000 0.621501432000000
1.869834917000000 0.621812126000000
1.870835418000000 0.622122819000000
1.871835918000000 0.622433513000000
1.872836418000000 0.622744206000000
1.873836918000000 0.623054900000000
1.874837419000000 0.623365594000000
1.875837919000000 0.623676287000000
1.876838419000000 0.623986981000000
1.877838919000000 0.624297674000000
1.878839420000000 0.624608368000000
1.879839920000000 0.624919061000000
1.880840420000000 0.625229755000000
1.881840920000000 0.625483723000000
1.882841421000000 0.625698375000000
1.883841921000000 0.625913026000000
1.884842421000000 0.626127677000000
1.885842921000000 0.626342329000000
1.886843422000000 0.626556980000000
1.887843922000000 0.626771632000000
1.888844422000000 0.626986283000000
1.889844922000000 0.627200934000000
1.890845423000000 0.627415586000000
1.891845923000000 0.627630237000000
1.892846423000000 0.627844889000000
1.893846923000000 0.628059745000000
1.894847424000000 0.628276508000000
1.895847924000000 0.628493271000000
1.896848424000000 0.628710034000000
1.897848924000000 0.628926798000000
1.898849425000000 0.629143561000000
1.899849925000000 0.629360324000000
1.900850425000000 0.629577087000000
1.901850925000000 0.629793851000000
1.902851426000000 0.630010614000000
1.903851926000000 0.630227377000000
1.904852426000000 0.630444140000000
1.905852926000000 0.630660904000000
1.906853427000000 0.630889484000000
1.907853927000000 0.631125841000000
1.908854427000000 0.631362198000000
1.909854927000000 0.631598555000000
1.910855428000000 0.631834912000000
1.911855928000000 0.632071269000000
1.912856428000000 0.632307625000000
1.913856928000000 0.632543982000000
1.914857429000000 0.632780339000000
1.915857929000000 0.633016696000000
1.916858429000000 0.633253053000000
1.917858929000000 0.633489410000000
1.918859430000000 0.633734339000000
1.919859930000000 0.634049072000000
1.920860430000000 0.634363805000000
1.921860930000000 0.634678538000000
1.922861431000000 0.634993272000000
1.923861931000000 0.635308005000000
1.924862431000000 0.635622738000000
1.925862931000000 0.635937471000000
1.926863432000000 0.636252204000000
1.927863932000000 0.636566937000000
1.928864432000000 0.636881670000000
1.929864932000000 0.637196404000000
1.930865433000000 0.637511137000000
1.931865933000000 0.637825870000000
1.932866433000000 0.638140603000000
1.933866933000000 0.638455336000000
1.934867434000000 0.638770069000000
1.935867934000000 0.639084802000000
1.936868434000000 0.639399535000000
1.937868934000000 0.639714269000000
1.938869435000000 0.640029002000000
1.939869935000000 0.640343735000000
1.940870435000000 0.640658468000000
1.941870935000000 0.640973201000000
1.942871436000000 0.641288752000000
1.943871936000000 0.641605688000000
1.944872436000000 0.641922625000000
1.945872936000000 0.642239561000000
1.946873437000000 0.642556497000000
1.947873937000000 0.642873433000000
1.948874437000000 0.643190370000000
1.949874937000000 0.643507306000000
1.950875438000000 0.643824242000000
1.951875938000000 0.644141178000000
1.952876438000000 0.644458115000000
1.953876938000000 0.644775051000000
1.954877439000000 0.645091987000000
1.955877939000000 0.645408923000000
1.956878439000000 0.645725860000000
1.957878939000000 0.646042796000000
1.958879440000000 0.646359732000000
1.959879940000000 0.646676668000000
1.960880440000000 0.646993605000000
1.961880940000000 0.647385399000000
1.962881441000000 0.647821040000000
1.963881941000000 0.648256680000000
1.964882441000000 0.648692321000000
1.965882941000000 0.649127962000000
1.966883442000000 0.649563602000000
1.967883942000000 0.649999243000000
1.968884442000000 0.650434630000000
1.969884942000000 0.650868381000000
1.970885443000000 0.651302133000000
1.971885943000000 0.651735884000000
1.972886443000000 0.652169636000000
1.973886943000000 0.652603387000000
1.974887444000000 0.653037139000000
1.975887944000000 0.653470890000000
1.976888444000000 0.653904641000000
1.977888944000000 0.654338393000000
1.978889445000000 0.654772144000000
1.979889945000000 0.655205896000000
1.980890445000000 0.655639647000000
1.981890945000000 0.655988735000000
1.982891446000000 0.656290328000000
1.983891946000000 0.656591921000000
1.984892446000000 0.656893515000000
1.985892946000000 0.657195108000000
1.986893447000000 0.657496701000000
1.987893947000000 0.657798294000000
1.988894447000000 0.658099888000000
1.989894947000000 0.658401481000000
1.990895448000000 0.658703074000000
1.991895948000000 0.659004667000000
1.992896448000000 0.659306261000000
1.993896948000000 0.659585415000000
1.994897449000000 0.659734236000000
1.995897949000000 0.659883056000000
1.996898449000000 0.660031877000000
1.997898949000000 0.660180697000000
1.998899450000000 0.660329517000000
1.999899950000000 0.660478338000000
2.000900450000000 0.660627158000000
2.001900950000000 0.660775978000000
2.002901451000000 0.660924799000000
2.003901951000000 0.661073619000000
2.004902451000000 0.661222440000000
2.005902951000000 0.661371260000000
2.006903452000000 0.661455732000000
2.007903952000000 0.661506028000000
2.008904452000000 0.661556324000000
2.009904952000000 0.661606620000000
2.010905453000000 0.661656916000000
2.011905953000000 0.661707212000000
2.012906453000000 0.661757508000000
2.013906953000000 0.661807805000000
2.014907454000000 0.661858101000000
2.015907954000000 0.661908397000000
2.016908454000000 0.661958693000000
2.017908954000000 0.662008989000000
2.018909455000000 0.662046577000000
2.019909955000000 0.662017133000000
2.020910455000000 0.661987690000000
2.021910955000000 0.661958247000000
2.022911456000000 0.661928803000000
2.023911956000000 0.661899360000000
2.024912456000000 0.661869917000000
2.025912956000000 0.661840473000000
2.026913457000000 0.661811030000000
2.027913957000000 0.661781586000000
2.028914457000000 0.661752143000000
2.029914957000000 0.661722700000000
2.030915458000000 0.661693256000000
2.031915958000000 0.661683241000000
2.032916458000000 0.661682985000000
2.033916958000000 0.661682729000000
2.034917459000000 0.661682473000000
2.035917959000000 0.661682217000000
2.036918459000000 0.661681961000000
2.037918959000000 0.661681705000000
2.038919460000000 0.661681449000000
2.039919960000000 0.661681193000000
2.040920460000000 0.661680937000000
2.041920960000000 0.661680681000000
2.042921461000000 0.661680425000000
2.043921961000000 0.661701274000000
2.044922461000000 0.661823815000000
2.045922961000000 0.661946356000000
2.046923462000000 0.662068897000000
2.047923962000000 0.662191438000000
2.048924462000000 0.662313979000000
2.049924962000000 0.662436520000000
2.050925463000000 0.662559060000000
2.051925963000000 0.662681601000000
2.052926463000000 0.662804142000000
2.053926963000000 0.662926683000000
2.054927464000000 0.663049224000000
2.055927964000000 0.663171765000000
2.056928464000000 0.663294305000000
2.057928964000000 0.663416846000000
2.058929465000000 0.663539387000000
2.059929965000000 0.663661928000000
2.060930465000000 0.663784469000000
2.061930965000000 0.663907010000000
2.062931466000000 0.664029551000000
2.063931966000000 0.664152091000000
2.064932466000000 0.664274632000000
2.065932966000000 0.664397173000000
2.066933467000000 0.664519714000000
2.067933967000000 0.664642255000000
2.068934467000000 0.664764796000000
2.069934967000000 0.664887336000000
2.070935468000000 0.665009877000000
2.071935968000000 0.665132418000000
2.072936468000000 0.665254959000000
2.073936968000000 0.665377500000000
2.074937469000000 0.665500041000000
2.075937969000000 0.665642934000000
2.076938469000000 0.665787184000000
2.077938969000000 0.665931434000000
2.078939470000000 0.666075685000000
2.079939970000000 0.666219935000000
2.080940470000000 0.666364185000000
2.081940970000000 0.666508435000000
2.082941471000000 0.666652685000000
2.083941971000000 0.666796936000000
2.084942471000000 0.666941186000000
2.085942971000000 0.667085436000000
2.086943472000000 0.667229686000000
2.087943972000000 0.667373936000000
2.088944472000000 0.667518186000000
2.089944972000000 0.667662437000000
2.090945473000000 0.667806687000000
2.091945973000000 0.667950937000000
2.092946473000000 0.668095187000000
2.093946973000000 0.668239437000000
2.094947474000000 0.668383688000000
2.095947974000000 0.668527938000000
2.096948474000000 0.668672188000000
2.097948974000000 0.668816438000000
2.098949475000000 0.668960688000000
2.099949975000000 0.669104939000000
2.100950475000000 0.669249189000000
2.101950975000000 0.669393439000000
2.102951476000000 0.669537689000000
2.103951976000000 0.669681939000000
2.104952476000000 0.669826189000000
2.105952976000000 0.669970440000000
2.106953477000000 0.670114690000000
2.107953977000000 0.670258940000000
2.108954477000000 0.670403190000000
2.109954977000000 0.670547440000000
2.110955478000000 0.670691691000000
2.111955978000000 0.670835941000000
2.112956478000000 0.670980191000000
2.113956978000000 0.671124441000000
2.114957479000000 0.671268691000000
2.115957979000000 0.671412941000000
2.116958479000000 0.671557192000000
2.117958979000000 0.671701442000000
2.118959480000000 0.671845692000000
2.119959980000000 0.671989942000000
2.120960480000000 0.672134192000000
2.121960980000000 0.672278443000000
2.122961481000000 0.672422693000000
2.123961981000000 0.672566943000000
2.124962481000000 0.672711193000000
2.125962981000000 0.672868053000000
2.126963482000000 0.673025404000000
2.127963982000000 0.673182755000000
2.128964482000000 0.673340106000000
2.129964982000000 0.673497457000000
2.130965483000000 0.673654808000000
2.131965983000000 0.673812159000000
2.132966483000000 0.673969511000000
2.133966983000000 0.674126862000000
2.134967484000000 0.674284213000000
2.135967984000000 0.674441564000000
2.136968484000000 0.674598915000000
2.137968984000000 0.674756266000000
2.138969485000000 0.674913617000000
2.139969985000000 0.675070968000000
2.140970485000000 0.675228319000000
2.141970985000000 0.675385670000000
2.142971486000000 0.675543021000000
2.143971986000000 0.675700373000000
2.144972486000000 0.675857724000000
2.145972986000000 0.676015075000000
2.146973487000000 0.676172426000000
2.147973987000000 0.676329777000000
2.148974487000000 0.676487128000000
2.149974987000000 0.676644479000000
2.150975488000000 0.676801830000000
2.151975988000000 0.676959181000000
2.152976488000000 0.677116532000000
2.153976988000000 0.677273883000000
2.154977489000000 0.677431235000000
2.155977989000000 0.677588586000000
2.156978489000000 0.677745937000000
2.157978989000000 0.677903288000000
2.158979490000000 0.678060639000000
2.159979990000000 0.678217990000000
2.160980490000000 0.678375341000000
2.161980990000000 0.678532692000000
2.162981491000000 0.678690043000000
2.163981991000000 0.678847394000000
2.164982491000000 0.679004745000000
2.165982991000000 0.679162097000000
2.166983492000000 0.679319448000000
2.167983992000000 0.679476799000000
2.168984492000000 0.679634150000000
2.169984992000000 0.679791501000000
2.170985493000000 0.679948852000000
2.171985993000000 0.680106203000000
2.172986493000000 0.680263554000000
2.173986993000000 0.680420905000000
2.174987494000000 0.680578256000000
2.175987994000000 0.680580223000000
2.176988494000000 0.680580223000000
2.177988994000000 0.680580223000000
2.178989495000000 0.680580223000000
2.179989995000000 0.680580223000000
2.180990495000000 0.680580223000000
2.181990995000000 0.680580223000000
2.182991496000000 0.680580223000000
2.183991996000000 0.680580223000000
2.184992496000000 0.680580223000000
2.185992996000000 0.680580223000000
2.186993497000000 0.680580223000000
2.187993997000000 0.680580223000000
2.188994497000000 0.680580223000000
2.189994997000000 0.680580223000000
2.190995498000000 0.680580223000000
2.191995998000000 0.680580223000000
2.192996498000000 0.680580223000000
2.193996998000000 0.680580223000000
2.194997499000000 0.680580223000000
2.195997999000000 0.680580223000000
2.196998499000000 0.680580223000000
2.197998999000000 0.680580223000000
2.198999500000000 0.680580223000000
2.200000000000000 0.680580223000000
