0.200000000000000 0.220510544000000
0.201441153000000 0.220510544000000
0.202882306000000 0.220510544000000
0.204323459000000 0.220510544000000
0.205764612000000 0.220510544000000
0.207205765000000 0.222001628000000
0.208646918000000 0.224249965000000
0.210088070000000 0.226498302000000
0.211529223000000 0.228746639000000
0.212970376000000 0.230994975000000
0.214411529000000 0.233243312000000
0.215852682000000 0.235491649000000
0.217293835000000 0.237739985000000
0.218734988000000 0.239988322000000
0.220176141000000 0.243646146000000
0.221617294000000 0.247318807000000
0.223058447000000 0.250991467000000
0.224499600000000 0.254664128000000
0.225940753000000 0.258336789000000
0.227381906000000 0.262009449000000
0.228823058000000 0.265682110000000
0.230264211000000 0.269354771000000
0.231705364000000 0.273144549000000
0.233146517000000 0.277187867000000
0.234587670000000 0.281231185000000
0.236028823000000 0.285274503000000
0.237469976000000 0.289317821000000
0.238911129000000 0.293361139000000
0.240352282000000 0.297404457000000
0.241793435000000 0.301447775000000
0.243234588000000 0.305491093000000
0.244675741000000 0.308772498000000
0.246116894000000 0.311629702000000
0.247558046000000 0.314486906000000
0.248999199000000 0.317344110000000
0.250440352000000 0.320201313000000
0.251881505000000 0.323058517000000
0.253322658000000 0.325915721000000
0.254763811000000 0.328772925000000
0.256204964000000 0.331630129000000
0.257646117000000 0.336085991000000
0.259087270000000 0.340593422000000
0.260528423000000 0.345100853000000
0.261969576000000 0.349608284000000
0.263410729000000 0.354115716000000
0.264851882000000 0.358623147000000
0.266293034000000 0.363130578000000
0.267734187000000 0.367638009000000
0.269175340000000 0.372189077000000
0.270616493000000 0.376844359000000
0.272057646000000 0.381499641000000
0.273498799000000 0.386154923000000
0.274939952000000 0.390810204000000
0.276381105000000 0.395465486000000
0.277822258000000 0.400120768000000
0.279263411000000 0.404776050000000
0.280704564000000 0.409431332000000
0.282145717000000 0.413204322000000
0.283586869000000 0.416440050000000
0.285028022000000 0.419675778000000
0.286469175000000 0.422911506000000
0.287910328000000 0.426147234000000
0.289351481000000 0.429382963000000
0.290792634000000 0.432618691000000
0.292233787000000 0.435854419000000
0.293674940000000 0.439090147000000
0.295116093000000 0.442412298000000
0.296557246000000 0.445739198000000
0.297998399000000 0.449066098000000
0.299439552000000 0.452392998000000
0.300880705000000 0.455719897000000
0.302321857000000 0.459046797000000
0.303763010000000 0.462373697000000
0.305204163000000 0.465700597000000
0.306645316000000 0.468849189000000
0.308086469000000 0.471526056000000
0.309527622000000 0.474202924000000
0.310968775000000 0.476879791000000
0.312409928000000 0.479556659000000
0.313851081000000 0.482233526000000
0.315292234000000 0.484910393000000
0.316733387000000 0.487587261000000
0.318174540000000 0.490264128000000
0.319615693000000 0.494050833000000
0.321056845000000 0.498575292000000
0.322497998000000 0.503099751000000
0.323939151000000 0.507624209000000
0.325380304000000 0.512148668000000
0.326821457000000 0.516673127000000
0.328262610000000 0.521197586000000
0.329703763000000 0.525722044000000
0.331144916000000 0.530246503000000
0.332586069000000 0.535556776000000
0.334027222000000 0.540928855000000
0.335468375000000 0.546300933000000
0.336909528000000 0.551673012000000
0.338350681000000 0.557045090000000
0.339791833000000 0.562417169000000
0.341232986000000 0.567789247000000
0.342674139000000 0.573161326000000
0.344115292000000 0.577643453000000
0.345556445000000 0.579504488000000
0.346997598000000 0.581365524000000
0.348438751000000 0.583226559000000
0.349879904000000 0.585087594000000
0.351321057000000 0.586948630000000
0.352762210000000 0.588809665000000
0.354203363000000 0.590670701000000
0.355644516000000 0.592531736000000
0.357085669000000 0.593070322000000
0.358526821000000 0.592650724000000
0.359967974000000 0.592231127000000
0.361409127000000 0.591811530000000
0.362850280000000 0.591391933000000
0.364291433000000 0.590972335000000
0.365732586000000 0.590552738000000
0.367173739000000 0.590133141000000
0.368614892000000 0.589713544000000
0.370056045000000 0.589269896000000
0.371497198000000 0.588823760000000
0.372938351000000 0.588377624000000
0.374379504000000 0.587931488000000
0.375820657000000 0.587485353000000
0.377261809000000 0.587039217000000
0.378702962000000 0.586593081000000
0.380144115000000 0.586146945000000
0.381585268000000 0.585868337000000
0.383026421000000 0.586142322000000
0.384467574000000 0.586416306000000
0.385908727000000 0.586690291000000
0.387349880000000 0.586964276000000
0.388791033000000 0.587238260000000
0.390232186000000 0.587512245000000
0.391673339000000 0.587786229000000
0.393114492000000 0.588060214000000
0.394555645000000 0.588679907000000
0.395996797000000 0.589572301000000
0.397437950000000 0.590464695000000
0.398879103000000 0.591357090000000
0.400320256000000 0.592249484000000
0.401761409000000 0.593141878000000
0.403202562000000 0.594034273000000
0.404643715000000 0.594926667000000
0.406084868000000 0.595819061000000
0.407526021000000 0.598368463000000
0.408967174000000 0.601132301000000
0.410408327000000 0.603896140000000
0.411849480000000 0.606659978000000
0.413290633000000 0.609423816000000
0.414731785000000 0.612187654000000
0.416172938000000 0.614951492000000
0.417614091000000 0.617715330000000
0.419055244000000 0.620631037000000
0.420496397000000 0.624111896000000
0.421937550000000 0.627592754000000
0.423378703000000 0.631073612000000
0.424819856000000 0.634554471000000
0.426261009000000 0.638035329000000
0.427702162000000 0.641516187000000
0.429143315000000 0.644997046000000
0.430584468000000 0.648477904000000
0.432025620000000 0.651576698000000
0.433466773000000 0.654347657000000
0.434907926000000 0.657118616000000
0.436349079000000 0.659889575000000
0.437790232000000 0.662660534000000
0.439231385000000 0.665431493000000
0.440672538000000 0.668202452000000
0.442113691000000 0.670973411000000
0.443554844000000 0.673744370000000
0.444995997000000 0.676660319000000
0.446437150000000 0.679598978000000
0.447878303000000 0.682537636000000
0.449319456000000 0.685476295000000
0.450760608000000 0.688414954000000
0.452201761000000 0.691353613000000
0.453642914000000 0.694292271000000
0.455084067000000 0.697230930000000
0.456525220000000 0.700193433000000
0.457966373000000 0.703256953000000
0.459407526000000 0.706320472000000
0.460848679000000 0.709383992000000
0.462289832000000 0.712447511000000
0.463730985000000 0.715511030000000
0.465172138000000 0.718574550000000
0.466613291000000 0.721638069000000
0.468054444000000 0.724701588000000
0.469495596000000 0.728661920000000
0.470936749000000 0.733458875000000
0.472377902000000 0.738255830000000
0.473819055000000 0.743052784000000
0.475260208000000 0.747849739000000
0.476701361000000 0.752646694000000
0.478142514000000 0.757443649000000
0.479583667000000 0.762240604000000
0.481024820000000 0.767037559000000
0.482465973000000 0.771926819000000
0.483907126000000 0.776833174000000
0.485348279000000 0.781739528000000
0.486789432000000 0.786645882000000
0.488230584000000 0.791552237000000
0.489671737000000 0.796458591000000
0.491112890000000 0.801364945000000
0.492554043000000 0.806271300000000
0.493995196000000 0.810915359000000
0.495436349000000 0.814280062000000
0.496877502000000 0.817644764000000
0.498318655000000 0.821009467000000
0.499759808000000 0.824374169000000
0.501200961000000 0.827738872000000
0.502642114000000 0.831103574000000
0.504083267000000 0.834468276000000
0.505524420000000 0.837832979000000
0.506965572000000 0.841165737000000
0.508406725000000 0.844466103000000
0.509847878000000 0.847766470000000
0.511289031000000 0.851066836000000
0.512730184000000 0.854367203000000
0.514171337000000 0.857667570000000
0.515612490000000 0.860967936000000
0.517053643000000 0.864268303000000
0.518494796000000 0.867568669000000
0.519935949000000 0.872353652000000
0.521377102000000 0.877458110000000
0.522818255000000 0.882562568000000
0.524259408000000 0.887667025000000
0.525700560000000 0.892771483000000
0.527141713000000 0.897875941000000
0.528582866000000 0.902980398000000
0.530024019000000 0.908084856000000
0.531465172000000 0.913217071000000
0.532906325000000 0.918507436000000
0.534347478000000 0.923797802000000
0.535788631000000 0.929088168000000
0.537229784000000 0.934378533000000
0.538670937000000 0.939668899000000
0.540112090000000 0.944959264000000
0.541553243000000 0.950249630000000
0.542994396000000 0.955539995000000
0.544435548000000 0.960026442000000
0.545876701000000 0.963626818000000
0.547317854000000 0.967227194000000
0.548759007000000 0.970827569000000
0.550200160000000 0.974427945000000
0.551641313000000 0.978028321000000
0.553082466000000 0.981628697000000
0.554523619000000 0.985229073000000
0.555964772000000 0.988829448000000
0.557405925000000 0.992462261000000
0.558847078000000 0.996103078000000
0.560288231000000 0.999743894000000
0.561729384000000 1.003384711000000
0.563170536000000 1.007025527000000
0.564611689000000 1.010666344000000
0.566052842000000 1.014307160000000
0.567493995000000 1.017947977000000
0.568935148000000 1.021834272000000
0.570376301000000 1.027385841000000
0.571817454000000 1.032937409000000
0.573258607000000 1.038488978000000
0.574699760000000 1.044040546000000
0.576140913000000 1.049592115000000
0.577582066000000 1.055143683000000
0.579023219000000 1.060695252000000
0.580464371000000 1.066246820000000
0.581905524000000 1.071826195000000
0.583346677000000 1.077438893000000
0.584787830000000 1.083051591000000
0.586228983000000 1.088664290000000
0.587670136000000 1.094276988000000
0.589111289000000 1.099889687000000
0.590552442000000 1.105502385000000
0.591993595000000 1.111115084000000
0.593434748000000 1.116727782000000
0.594875901000000 1.120924273000000
0.596317054000000 1.124724227000000
0.597758207000000 1.128524180000000
0.599199359000000 1.132324133000000
0.600640512000000 1.136124086000000
0.602081665000000 1.139924040000000
0.603522818000000 1.143723993000000
0.604963971000000 1.147523946000000
0.606405124000000 1.151327744000000
0.607846277000000 1.155163416000000
0.609287430000000 1.158999088000000
0.610728583000000 1.162834759000000
0.612169736000000 1.166670431000000
0.613610889000000 1.170506103000000
0.615052042000000 1.174341775000000
0.616493195000000 1.178177447000000
0.617934347000000 1.182013118000000
0.619375500000000 1.186715135000000
0.620816653000000 1.192546865000000
0.622257806000000 1.198378595000000
0.623698959000000 1.204210326000000
0.625140112000000 1.210042056000000
0.626581265000000 1.215873786000000
0.628022418000000 1.221705516000000
0.629463571000000 1.227537246000000
0.630904724000000 1.233368977000000
0.632345877000000 1.239242321000000
0.633787030000000 1.245128778000000
0.635228183000000 1.251015234000000
0.636669335000000 1.256901690000000
0.638110488000000 1.262788146000000
0.639551641000000 1.268674602000000
0.640992794000000 1.274561058000000
0.642433947000000 1.280447515000000
0.643875100000000 1.286168177000000
0.645316253000000 1.290144684000000
0.646757406000000 1.294121192000000
0.648198559000000 1.298097699000000
0.649639712000000 1.302074206000000
0.651080865000000 1.306050714000000
0.652522018000000 1.310027221000000
0.653963171000000 1.314003729000000
0.655404323000000 1.317980236000000
0.656845476000000 1.322807126000000
0.658286629000000 1.328841702000000
0.659727782000000 1.334876279000000
0.661168935000000 1.340910855000000
0.662610088000000 1.346945432000000
0.664051241000000 1.352980008000000
0.665492394000000 1.359014584000000
0.666933547000000 1.365049161000000
0.668374700000000 1.371083737000000
0.669815853000000 1.377152910000000
0.671257006000000 1.383234265000000
0.672698159000000 1.389315620000000
0.674139311000000 1.395396974000000
0.675580464000000 1.401478329000000
0.677021617000000 1.407559684000000
0.678462770000000 1.413641039000000
0.679903923000000 1.419722394000000
0.681345076000000 1.425672845000000
0.682786229000000 1.429769973000000
0.684227382000000 1.433867101000000
0.685668535000000 1.437964229000000
0.687109688000000 1.442061357000000
0.688550841000000 1.446158486000000
0.689991994000000 1.450255614000000
0.691433147000000 1.454352742000000
0.692874299000000 1.458449870000000
0.694315452000000 1.462557193000000
0.695756605000000 1.466680305000000
0.697197758000000 1.470803416000000
0.698638911000000 1.474926528000000
0.700080064000000 1.479049639000000
0.701521217000000 1.483172751000000
0.702962370000000 1.487295862000000
0.704403523000000 1.491418974000000
0.705844676000000 1.495542085000000
0.707285829000000 1.501183729000000
0.708726982000000 1.507419580000000
0.710168135000000 1.513655432000000
0.711609287000000 1.519891283000000
0.713050440000000 1.526127135000000
0.714491593000000 1.532362986000000
0.715932746000000 1.538598838000000
0.717373899000000 1.544834689000000
0.718815052000000 1.551072177000000
0.720256205000000 1.557344279000000
0.721697358000000 1.563616380000000
0.723138511000000 1.569888481000000
0.724579664000000 1.576160583000000
0.726020817000000 1.582432684000000
0.727461970000000 1.588704786000000
0.728903122000000 1.594976887000000
0.730344275000000 1.601248988000000
0.731785428000000 1.606753901000000
0.733226581000000 1.610961044000000
0.734667734000000 1.615168187000000
0.736108887000000 1.619375330000000
0.737550040000000 1.623582473000000
0.738991193000000 1.627789617000000
0.740432346000000 1.631996760000000
0.741873499000000 1.636203903000000
0.743314652000000 1.640411046000000
0.744755805000000 1.644627393000000
0.746196958000000 1.648847724000000
0.747638110000000 1.653068054000000
0.749079263000000 1.657288385000000
0.750520416000000 1.661508716000000
0.751961569000000 1.665729046000000
0.753402722000000 1.669949377000000
0.754843875000000 1.674169708000000
0.756285028000000 1.678390508000000
0.757726181000000 1.682630149000000
0.759167334000000 1.686869789000000
0.760608487000000 1.691109430000000
0.762049640000000 1.695349071000000
0.763490793000000 1.699588712000000
0.764931946000000 1.703828353000000
0.766373098000000 1.708067993000000
0.767814251000000 1.712307634000000
0.769255404000000 1.717293420000000
0.770696557000000 1.723660684000000
0.772137710000000 1.730027948000000
0.773578863000000 1.736395211000000
0.775020016000000 1.742762475000000
0.776461169000000 1.749129739000000
0.777902322000000 1.755497002000000
0.779343475000000 1.761864266000000
0.780784628000000 1.768231530000000
0.782225781000000 1.774593599000000
0.783666934000000 1.780953192000000
0.785108086000000 1.787312785000000
0.786549239000000 1.793672377000000
0.787990392000000 1.800031970000000
0.789431545000000 1.806391562000000
0.790872698000000 1.812751155000000
0.792313851000000 1.819110748000000
0.793755004000000 1.825462911000000
0.795196157000000 1.829682893000000
0.796637310000000 1.833902875000000
0.798078463000000 1.838122857000000
0.799519616000000 1.842342839000000
0.800960769000000 1.846562821000000
0.802401922000000 1.850782803000000
0.803843074000000 1.855002785000000
0.805284227000000 1.859222767000000
0.806725380000000 1.863433429000000
0.808166533000000 1.867625157000000
0.809607686000000 1.871816885000000
0.811048839000000 1.876008612000000
0.812489992000000 1.880200340000000
0.813931145000000 1.884392068000000
0.815372298000000 1.888583796000000
0.816813451000000 1.892775523000000
0.818254604000000 1.896967251000000
0.819695757000000 1.902448687000000
0.821136910000000 1.908605684000000
0.822578062000000 1.914762680000000
0.824019215000000 1.920919677000000
0.825460368000000 1.927076674000000
0.826901521000000 1.933233671000000
0.828342674000000 1.939390668000000
0.829783827000000 1.945547665000000
0.831224980000000 1.951704662000000
0.832666133000000 1.957729131000000
0.834107286000000 1.963751258000000
0.835548439000000 1.969773386000000
0.836989592000000 1.975795514000000
0.838430745000000 1.981817641000000
0.839871898000000 1.987839769000000
0.841313050000000 1.993861897000000
0.842754203000000 1.999884024000000
0.844195356000000 2.005224390000000
0.845636509000000 2.009040366000000
0.847077662000000 2.012856342000000
0.848518815000000 2.016672319000000
0.849959968000000 2.020488295000000
0.851401121000000 2.024304271000000
0.852842274000000 2.028120247000000
0.854283427000000 2.031936224000000
0.855724580000000 2.035752200000000
0.857165733000000 2.040456535000000
0.858606886000000 2.045670583000000
0.860048038000000 2.050884632000000
0.861489191000000 2.056098680000000
0.862930344000000 2.061312729000000
0.864371497000000 2.066526777000000
0.865812650000000 2.071740825000000
0.867253803000000 2.076954874000000
0.868694956000000 2.082168922000000
0.870136109000000 2.086951308000000
0.871577262000000 2.091716552000000
0.873018415000000 2.096481796000000
0.874459568000000 2.101247040000000
0.875900721000000 2.106012284000000
0.877341873000000 2.110777528000000
0.878783026000000 2.115542772000000
0.880224179000000 2.120308016000000
0.881665332000000 2.124463129000000
0.883106485000000 2.127111292000000
0.884547638000000 2.129759455000000
0.885988791000000 2.132407619000000
0.887429944000000 2.135055782000000
0.888871097000000 2.137703945000000
0.890312250000000 2.140352109000000
0.891753403000000 2.143000272000000
0.893194556000000 2.145648435000000
0.894635709000000 2.148065403000000
0.896076861000000 2.150337383000000
0.897518014000000 2.152609363000000
0.898959167000000 2.154881344000000
0.900400320000000 2.157153324000000
0.901841473000000 2.159425304000000
0.903282626000000 2.161697284000000
0.904723779000000 2.163969265000000
0.906164932000000 2.166241245000000
0.907606085000000 2.168858604000000
0.909047238000000 2.171497630000000
0.910488391000000 2.174136655000000
0.911929544000000 2.176775680000000
0.913370697000000 2.179414706000000
0.914811849000000 2.182053731000000
0.916253002000000 2.184692756000000
0.917694155000000 2.187331781000000
0.919135308000000 2.189858832000000
0.920576461000000 2.192079042000000
0.922017614000000 2.194299253000000
0.923458767000000 2.196519463000000
0.924899920000000 2.198739673000000
0.926341073000000 2.200959884000000
0.927782226000000 2.203180094000000
0.929223379000000 2.205400305000000
0.930664532000000 2.207620515000000
0.932105685000000 2.209203129000000
0.933546837000000 2.210349492000000
0.934987990000000 2.211495856000000
0.936429143000000 2.212642220000000
0.937870296000000 2.213788583000000
0.939311449000000 2.214934947000000
0.940752602000000 2.216081310000000
0.942193755000000 2.217227674000000
0.943634908000000 2.218374038000000
0.945076061000000 2.219425837000000
0.946517214000000 2.220469430000000
0.947958367000000 2.221513022000000
0.949399520000000 2.222556614000000
0.950840673000000 2.223600206000000
0.952281825000000 2.224643799000000
0.953722978000000 2.225687391000000
0.955164131000000 2.226730983000000
0.956605284000000 2.227931974000000
0.958046437000000 2.229614031000000
0.959487590000000 2.231296088000000
0.960928743000000 2.232978144000000
0.962369896000000 2.234660201000000
0.963811049000000 2.236342257000000
0.965252202000000 2.238024314000000
0.966693355000000 2.239706370000000
0.968134508000000 2.241388427000000
0.969575661000000 2.242811723000000
0.971016813000000 2.244042126000000
0.972457966000000 2.245272529000000
0.973899119000000 2.246502931000000
0.975340272000000 2.247733334000000
0.976781425000000 2.248963736000000
0.978222578000000 2.250194139000000
0.979663731000000 2.251424542000000
0.981104884000000 2.252654944000000
0.982546037000000 2.253244912000000
0.983987190000000 2.253763170000000
0.985428343000000 2.254281429000000
0.986869496000000 2.254799687000000
0.988310649000000 2.255317946000000
0.989751801000000 2.255836204000000
0.991192954000000 2.256354463000000
0.992634107000000 2.256872721000000
0.994075260000000 2.257490428000000
0.995516413000000 2.258449319000000
0.996957566000000 2.259408210000000
0.998398719000000 2.260367101000000
0.999839872000000 2.261325992000000
1.001281025000000 2.262284883000000
1.002722178000000 2.263243774000000
1.004163331000000 2.264202665000000
1.005604484000000 2.265161556000000
1.007045637000000 2.266190336000000
1.008486789000000 2.267275819000000
1.009927942000000 2.268361301000000
1.011369095000000 2.269446783000000
1.012810248000000 2.270532265000000
1.014251401000000 2.271617748000000
1.015692554000000 2.272703230000000
1.017133707000000 2.273788712000000
1.018574860000000 2.274874194000000
1.020016013000000 2.276923757000000
1.021457166000000 2.279106690000000
1.022898319000000 2.281289624000000
1.024339472000000 2.283472557000000
1.025780624000000 2.285655491000000
1.027221777000000 2.287838424000000
1.028662930000000 2.290021357000000
1.030104083000000 2.292204291000000
1.031545236000000 2.294492866000000
1.032986389000000 2.297191477000000
1.034427542000000 2.299890087000000
1.035868695000000 2.302588698000000
1.037309848000000 2.305287308000000
1.038751001000000 2.307985918000000
1.040192154000000 2.310684529000000
1.041633307000000 2.313383139000000
1.043074460000000 2.316081750000000
1.044515612000000 2.318625415000000
1.045956765000000 2.321032363000000
1.047397918000000 2.323439311000000
1.048839071000000 2.325846259000000
1.050280224000000 2.328253208000000
1.051721377000000 2.330660156000000
1.053162530000000 2.333067104000000
1.054603683000000 2.335474052000000
1.056044836000000 2.337881001000000
1.057485989000000 2.342104850000000
1.058927142000000 2.346630291000000
1.060368295000000 2.351155732000000
1.061809448000000 2.355681173000000
1.063250600000000 2.360206614000000
1.064691753000000 2.364732055000000
1.066132906000000 2.369257496000000
1.067574059000000 2.373782937000000
1.069015212000000 2.378404045000000
1.070456365000000 2.383449339000000
1.071897518000000 2.388494633000000
1.073338671000000 2.393539927000000
1.074779824000000 2.398585221000000
1.076220977000000 2.403630515000000
1.077662130000000 2.408675809000000
1.079103283000000 2.413721103000000
1.080544436000000 2.418766397000000
1.081985588000000 2.423161818000000
1.083426741000000 2.426933893000000
1.084867894000000 2.430705967000000
1.086309047000000 2.434478042000000
1.087750200000000 2.438250116000000
1.089191353000000 2.442022191000000
1.090632506000000 2.445794266000000
1.092073659000000 2.449566340000000
1.093514812000000 2.453338415000000
1.094955965000000 2.457263299000000
1.096397118000000 2.461217984000000
1.097838271000000 2.465172669000000
1.099279424000000 2.469127354000000
1.100720576000000 2.473082039000000
1.102161729000000 2.477036725000000
1.103602882000000 2.480991410000000
1.105044035000000 2.484946095000000
1.106485188000000 2.488924597000000
1.107926341000000 2.493025225000000
1.109367494000000 2.497125853000000
1.110808647000000 2.501226481000000
1.112249800000000 2.505327108000000
1.113690953000000 2.509427736000000
1.115132106000000 2.513528364000000
1.116573259000000 2.517628992000000
1.118014412000000 2.521729620000000
1.119455564000000 2.526956205000000
1.120896717000000 2.533356660000000
1.122337870000000 2.539757115000000
1.123779023000000 2.546157570000000
1.125220176000000 2.552558025000000
1.126661329000000 2.558958480000000
1.128102482000000 2.565358935000000
1.129543635000000 2.571759390000000
1.130984788000000 2.578159845000000
1.132425941000000 2.584672648000000
1.133867094000000 2.591210789000000
1.135308247000000 2.597748931000000
1.136749400000000 2.604287072000000
1.138190552000000 2.610825213000000
1.139631705000000 2.617363354000000
1.141072858000000 2.623901496000000
1.142514011000000 2.630439637000000
1.143955164000000 2.636683060000000
1.145396317000000 2.641150984000000
1.146837470000000 2.645618909000000
1.148278623000000 2.650086833000000
1.149719776000000 2.654554758000000
1.151160929000000 2.659022682000000
1.152602082000000 2.663490607000000
1.154043235000000 2.667958531000000
1.155484388000000 2.672426456000000
1.156925540000000 2.676917033000000
1.158366693000000 2.681433284000000
1.159807846000000 2.685949535000000
1.161248999000000 2.690465785000000
1.162690152000000 2.694982036000000
1.164131305000000 2.699498286000000
1.165572458000000 2.704014537000000
1.167013611000000 2.708530788000000
1.168454764000000 2.713047038000000
1.169895917000000 2.719443493000000
1.171337070000000 2.726324367000000
1.172778223000000 2.733205241000000
1.174219376000000 2.740086115000000
1.175660528000000 2.746966989000000
1.177101681000000 2.753847864000000
1.178542834000000 2.760728738000000
1.179983987000000 2.767609612000000
1.181425140000000 2.774498556000000
1.182866293000000 2.781445836000000
1.184307446000000 2.788393115000000
1.185748599000000 2.795340395000000
1.187189752000000 2.802287674000000
1.188630905000000 2.809234954000000
1.190072058000000 2.816182234000000
1.191513211000000 2.823129513000000
1.192954363000000 2.830076793000000
1.194395516000000 2.836015054000000
1.195836669000000 2.840709641000000
1.197277822000000 2.845404228000000
1.198718975000000 2.850098815000000
1.200160128000000 2.854793402000000
1.201601281000000 2.859487989000000
1.203042434000000 2.864182576000000
1.204483587000000 2.868877163000000
1.205924740000000 2.873571750000000
1.207365893000000 2.879326570000000
1.208807046000000 2.885390427000000
1.210248199000000 2.891454285000000
1.211689351000000 2.897518142000000
1.213130504000000 2.903581999000000
1.214571657000000 2.909645857000000
1.216012810000000 2.915709714000000
1.217453963000000 2.921773571000000
1.218895116000000 2.927633399000000
1.220336269000000 2.931671032000000
1.221777422000000 2.935708665000000
1.223218575000000 2.939746298000000
1.224659728000000 2.943783931000000
1.226100881000000 2.947821564000000
1.227542034000000 2.951859197000000
1.228983187000000 2.955896830000000
1.230424339000000 2.959934463000000
1.231865492000000 2.962524215000000
1.233306645000000 2.963171687000000
1.234747798000000 2.963819159000000
1.236188951000000 2.964466631000000
1.237630104000000 2.965114103000000
1.239071257000000 2.965761576000000
1.240512410000000 2.966409048000000
1.241953563000000 2.967056520000000
1.243394716000000 2.967703992000000
1.244835869000000 2.968336850000000
1.246277022000000 2.968964926000000
1.247718175000000 2.969593003000000
1.249159327000000 2.970221079000000
1.250600480000000 2.970849155000000
1.252041633000000 2.971477231000000
1.253482786000000 2.972105307000000
1.254923939000000 2.972733384000000
1.256365092000000 2.973360594000000
1.257806245000000 2.973977834000000
1.259247398000000 2.974595073000000
1.260688551000000 2.975212312000000
1.262129704000000 2.975829551000000
1.263570857000000 2.976446791000000
1.265012010000000 2.977064030000000
1.266453163000000 2.977681269000000
1.267894315000000 2.978298508000000
1.269335468000000 2.979032662000000
1.270776621000000 2.979937690000000
1.272217774000000 2.980842718000000
1.273658927000000 2.981747747000000
1.275100080000000 2.982652775000000
1.276541233000000 2.983557804000000
1.277982386000000 2.984462832000000
1.279423539000000 2.985367860000000
1.280864692000000 2.986272889000000
1.282305845000000 2.987172097000000
1.283746998000000 2.988069181000000
1.285188151000000 2.988966266000000
1.286629303000000 2.989863350000000
1.288070456000000 2.990760435000000
1.289511609000000 2.991657519000000
1.290952762000000 2.992554603000000
1.292393915000000 2.993451688000000
1.293835068000000 2.994330369000000
1.295276221000000 2.994915679000000
1.296717374000000 2.995500990000000
1.298158527000000 2.996086301000000
1.299599680000000 2.996671611000000
1.301040833000000 2.997256922000000
1.302481986000000 2.997842232000000
1.303923139000000 2.998427543000000
1.305364291000000 2.999012853000000
1.306805444000000 2.999700468000000
1.308246597000000 3.000551216000000
1.309687750000000 3.001401965000000
1.311128903000000 3.002252713000000
1.312570056000000 3.003103461000000
1.314011209000000 3.003954210000000
1.315452362000000 3.004804958000000
1.316893515000000 3.005655706000000
1.318334668000000 3.006506455000000
1.319775821000000 3.007356495000000
1.321216974000000 3.008206249000000
1.322658127000000 3.009056004000000
1.324099279000000 3.009905758000000
1.325540432000000 3.010755512000000
1.326981585000000 3.011605266000000
1.328422738000000 3.012455020000000
1.329863891000000 3.013304774000000
1.331305044000000 3.014144842000000
1.332746197000000 3.014740991000000
1.334187350000000 3.015337139000000
1.335628503000000 3.015933288000000
1.337069656000000 3.016529436000000
1.338510809000000 3.017125585000000
1.339951962000000 3.017721733000000
1.341393114000000 3.018317882000000
1.342834267000000 3.018914030000000
1.344275420000000 3.019572273000000
1.345716573000000 3.020338738000000
1.347157726000000 3.021105203000000
1.348598879000000 3.021871668000000
1.350040032000000 3.022638133000000
1.351481185000000 3.023404598000000
1.352922338000000 3.024171063000000
1.354363491000000 3.024937528000000
1.355804644000000 3.025703993000000
1.357245797000000 3.026432055000000
1.358686950000000 3.027142941000000
1.360128102000000 3.027853827000000
1.361569255000000 3.028564713000000
1.363010408000000 3.029275599000000
1.364451561000000 3.029986485000000
1.365892714000000 3.030697371000000
1.367333867000000 3.031408256000000
1.368775020000000 3.032119142000000
1.370216173000000 3.032830028000000
1.371657326000000 3.033540914000000
1.373098479000000 3.034251800000000
1.374539632000000 3.034962686000000
1.375980785000000 3.035673572000000
1.377421938000000 3.036384458000000
1.378863090000000 3.037095344000000
1.380304243000000 3.037806230000000
1.381745396000000 3.038468369000000
1.383186549000000 3.039037446000000
1.384627702000000 3.039606524000000
1.386068855000000 3.040175601000000
1.387510008000000 3.040744678000000
1.388951161000000 3.041313755000000
1.390392314000000 3.041882832000000
1.391833467000000 3.042451909000000
1.393274620000000 3.043020987000000
1.394715773000000 3.043590064000000
1.396156926000000 3.044159141000000
1.397598078000000 3.044728218000000
1.399039231000000 3.045297295000000
1.400480384000000 3.045866373000000
1.401921537000000 3.046435450000000
1.403362690000000 3.047004527000000
1.404803843000000 3.047573604000000
1.406244996000000 3.048142681000000
1.407686149000000 3.048569455000000
1.409127302000000 3.048995732000000
1.410568455000000 3.049422010000000
1.412009608000000 3.049848287000000
1.413450761000000 3.050274565000000
1.414891914000000 3.050700842000000
1.416333066000000 3.051127120000000
1.417774219000000 3.051553397000000
1.419215372000000 3.052089326000000
1.420656525000000 3.052855168000000
1.422097678000000 3.053621010000000
1.423538831000000 3.054386852000000
1.424979984000000 3.055152693000000
1.426421137000000 3.055918535000000
1.427862290000000 3.056684377000000
1.429303443000000 3.057450219000000
1.430744596000000 3.058216061000000
1.432185749000000 3.058983310000000
1.433626902000000 3.059751319000000
1.435068054000000 3.060519329000000
1.436509207000000 3.061287338000000
1.437950360000000 3.062055347000000
1.439391513000000 3.062823356000000
1.440832666000000 3.063591365000000
1.442273819000000 3.064359375000000
1.443714972000000 3.065127384000000
1.445156125000000 3.065649463000000
1.446597278000000 3.066165415000000
1.448038431000000 3.066681368000000
1.449479584000000 3.067197320000000
1.450920737000000 3.067713273000000
1.452361890000000 3.068229225000000
1.453803042000000 3.068745177000000
1.455244195000000 3.069261130000000
1.456685348000000 3.069860866000000
1.458126501000000 3.070654171000000
1.459567654000000 3.071447475000000
1.461008807000000 3.072240780000000
1.462449960000000 3.073034085000000
1.463891113000000 3.073827390000000
1.465332266000000 3.074620695000000
1.466773419000000 3.075413999000000
1.468214572000000 3.076207304000000
1.469655725000000 3.077003220000000
1.471096878000000 3.077800678000000
1.472538030000000 3.078598137000000
1.473979183000000 3.079395596000000
1.475420336000000 3.080193055000000
1.476861489000000 3.080990514000000
1.478302642000000 3.081787973000000
1.479743795000000 3.082585431000000
1.481184948000000 3.083382890000000
1.482626101000000 3.083925277000000
1.484067254000000 3.084455607000000
1.485508407000000 3.084985936000000
1.486949560000000 3.085516265000000
1.488390713000000 3.086046594000000
1.489831865000000 3.086576923000000
1.491273018000000 3.087107253000000
1.492714171000000 3.087637582000000
1.494155324000000 3.088169027000000
1.495596477000000 3.088703322000000
1.497037630000000 3.089237617000000
1.498478783000000 3.089771912000000
1.499919936000000 3.090306207000000
1.501361089000000 3.090840502000000
1.502802242000000 3.091374797000000
1.504243395000000 3.091909092000000
1.505684548000000 3.092443387000000
1.507125701000000 3.092978341000000
1.508566853000000 3.093513721000000
1.510008006000000 3.094049100000000
1.511449159000000 3.094584480000000
1.512890312000000 3.095119860000000
1.514331465000000 3.095655239000000
1.515772618000000 3.096190619000000
1.517213771000000 3.096725999000000
1.518654924000000 3.097261378000000
1.520096077000000 3.098043849000000
1.521537230000000 3.098843773000000
1.522978383000000 3.099643697000000
1.524419536000000 3.100443620000000
1.525860689000000 3.101243544000000
1.527301841000000 3.102043468000000
1.528742994000000 3.102843391000000
1.530184147000000 3.103643315000000
1.531625300000000 3.104442657000000
1.533066453000000 3.105240346000000
1.534507606000000 3.106038035000000
1.535948759000000 3.106835724000000
1.537389912000000 3.107633414000000
1.538831065000000 3.108431103000000
1.540272218000000 3.109228792000000
1.541713371000000 3.110026482000000
1.543154524000000 3.110824171000000
1.544595677000000 3.111465646000000
1.546036829000000 3.111997125000000
1.547477982000000 3.112528604000000
1.548919135000000 3.113060083000000
1.550360288000000 3.113591562000000
1.551801441000000 3.114123041000000
1.553242594000000 3.114654520000000
1.554683747000000 3.115185998000000
1.556124900000000 3.115717477000000
1.557566053000000 3.116490899000000
1.559007206000000 3.117287319000000
1.560448359000000 3.118083739000000
1.561889512000000 3.118880159000000
1.563330665000000 3.119676579000000
1.564771817000000 3.120472999000000
1.566212970000000 3.121269418000000
1.567654123000000 3.122065838000000
1.569095276000000 3.122861533000000
1.570536429000000 3.123654926000000
1.571977582000000 3.124448319000000
1.573418735000000 3.125241712000000
1.574859888000000 3.126035105000000
1.576301041000000 3.126828498000000
1.577742194000000 3.127621891000000
1.579183347000000 3.128415284000000
1.580624500000000 3.129208677000000
1.582065653000000 3.129842092000000
1.583506805000000 3.130352824000000
1.584947958000000 3.130863556000000
1.586389111000000 3.131374288000000
1.587830264000000 3.131885020000000
1.589271417000000 3.132395752000000
1.590712570000000 3.132906485000000
1.592153723000000 3.133417217000000
1.593594876000000 3.133927949000000
1.595036029000000 3.134436839000000
1.596477182000000 3.134945507000000
1.597918335000000 3.135454175000000
1.599359488000000 3.135962843000000
1.600800641000000 3.136471510000000
1.602241793000000 3.136980178000000
1.603682946000000 3.137488846000000
1.605124099000000 3.137997514000000
1.606565252000000 3.138509196000000
1.608006405000000 3.139031642000000
1.609447558000000 3.139554089000000
1.610888711000000 3.140076535000000
1.612329864000000 3.140598982000000
1.613771017000000 3.141121428000000
1.615212170000000 3.141643875000000
1.616653323000000 3.142166321000000
1.618094476000000 3.142688768000000
1.619535629000000 3.143350917000000
1.620976781000000 3.144129633000000
1.622417934000000 3.144908348000000
1.623859087000000 3.145687064000000
1.625300240000000 3.146465780000000
1.626741393000000 3.147244496000000
1.628182546000000 3.148023212000000
1.629623699000000 3.148801928000000
1.631064852000000 3.149580644000000
1.632506005000000 3.150355261000000
1.633947158000000 3.151129275000000
1.635388311000000 3.151903288000000
1.636829464000000 3.152677302000000
1.638270616000000 3.153451316000000
1.639711769000000 3.154225329000000
1.641152922000000 3.154999343000000
1.642594075000000 3.155773356000000
1.644035228000000 3.156495673000000
1.645476381000000 3.157008481000000
1.646917534000000 3.157521288000000
1.648358687000000 3.158034096000000
1.649799840000000 3.158546904000000
1.651240993000000 3.159059711000000
1.652682146000000 3.159572519000000
1.654123299000000 3.160085327000000
1.655564452000000 3.160598135000000
1.657005604000000 3.161110004000000
1.658446757000000 3.161621023000000
1.659887910000000 3.162132042000000
1.661329063000000 3.162643061000000
1.662770216000000 3.163154080000000
1.664211369000000 3.163665099000000
1.665652522000000 3.164176117000000
1.667093675000000 3.164687136000000
1.668534828000000 3.165198155000000
1.669975981000000 3.165912483000000
1.671417134000000 3.166662494000000
1.672858287000000 3.167412505000000
1.674299440000000 3.168162515000000
1.675740592000000 3.168912526000000
1.677181745000000 3.169662537000000
1.678622898000000 3.170412547000000
1.680064051000000 3.171162558000000
1.681505204000000 3.171911779000000
1.682946357000000 3.172657332000000
1.684387510000000 3.173402884000000
1.685828663000000 3.174148436000000
1.687269816000000 3.174893989000000
1.688710969000000 3.175639541000000
1.690152122000000 3.176385093000000
1.691593275000000 3.177130646000000
1.693034428000000 3.177876198000000
1.694475580000000 3.178496974000000
1.695916733000000 3.178994694000000
1.697357886000000 3.179492414000000
1.698799039000000 3.179990134000000
1.700240192000000 3.180487854000000
1.701681345000000 3.180985574000000
1.703122498000000 3.181483294000000
1.704563651000000 3.181981014000000
1.706004804000000 3.182478734000000
1.707445957000000 3.183175948000000
1.708887110000000 3.183914064000000
1.710328263000000 3.184652179000000
1.711769416000000 3.185390294000000
1.713210568000000 3.186128409000000
1.714651721000000 3.186866524000000
1.716092874000000 3.187604639000000
1.717534027000000 3.188342754000000
1.718975180000000 3.189079948000000
1.720416333000000 3.189812164000000
1.721857486000000 3.190544380000000
1.723298639000000 3.191276596000000
1.724739792000000 3.192008812000000
1.726180945000000 3.192741028000000
1.727622098000000 3.193473244000000
1.729063251000000 3.194205460000000
1.730504404000000 3.194937676000000
1.731945556000000 3.195548575000000
1.733386709000000 3.196029428000000
1.734827862000000 3.196510282000000
1.736269015000000 3.196991135000000
1.737710168000000 3.197471989000000
1.739151321000000 3.197952842000000
1.740592474000000 3.198433696000000
1.742033627000000 3.198914549000000
1.743474780000000 3.199395403000000
1.744915933000000 3.199873722000000
1.746357086000000 3.200351443000000
1.747798239000000 3.200829164000000
1.749239392000000 3.201306885000000
1.750680544000000 3.201784606000000
1.752121697000000 3.202262327000000
1.753562850000000 3.202740048000000
1.755004003000000 3.203217769000000
1.756445156000000 3.203695050000000
1.757886309000000 3.204169523000000
1.759327462000000 3.204643996000000
1.760768615000000 3.205118469000000
1.762209768000000 3.205592942000000
1.763650921000000 3.206067415000000
1.765092074000000 3.206541888000000
1.766533227000000 3.207016361000000
1.767974380000000 3.207490834000000
1.769415532000000 3.208079009000000
1.770856685000000 3.208799692000000
1.772297838000000 3.209520375000000
1.773738991000000 3.210241058000000
1.775180144000000 3.210961741000000
1.776621297000000 3.211682425000000
1.778062450000000 3.212403108000000
1.779503603000000 3.213123791000000
1.780944756000000 3.213844474000000
1.782385909000000 3.214559627000000
1.783827062000000 3.215273293000000
1.785268215000000 3.215986959000000
1.786709367000000 3.216700626000000
1.788150520000000 3.217414292000000
1.789591673000000 3.218127959000000
1.791032826000000 3.218841625000000
1.792473979000000 3.219555291000000
1.793915132000000 3.220239274000000
1.795356285000000 3.220693885000000
1.796797438000000 3.221148495000000
1.798238591000000 3.221603105000000
1.799679744000000 3.222057716000000
1.801120897000000 3.222512326000000
1.802562050000000 3.222966937000000
1.804003203000000 3.223421547000000
1.805444355000000 3.223876158000000
1.806885508000000 3.224426085000000
1.808326661000000 3.225096847000000
1.809767814000000 3.225767608000000
1.811208967000000 3.226438370000000
1.812650120000000 3.227109131000000
1.814091273000000 3.227779893000000
1.815532426000000 3.228450655000000
1.816973579000000 3.229121416000000
1.818414732000000 3.229792178000000
1.819855885000000 3.230457139000000
1.821297038000000 3.231120341000000
1.822738191000000 3.231783543000000
1.824179343000000 3.232446745000000
1.825620496000000 3.233109947000000
1.827061649000000 3.233773148000000
1.828502802000000 3.234436350000000
1.829943955000000 3.235099552000000
1.831385108000000 3.235742205000000
1.832826261000000 3.236186211000000
1.834267414000000 3.236630217000000
1.835708567000000 3.237074223000000
1.837149720000000 3.237518229000000
1.838590873000000 3.237962235000000
1.840032026000000 3.238406241000000
1.841473179000000 3.238850248000000
1.842914331000000 3.239294254000000
1.844355484000000 3.239736344000000
1.845796637000000 3.240175790000000
1.847237790000000 3.240615236000000
1.848678943000000 3.241054682000000
1.850120096000000 3.241494129000000
1.851561249000000 3.241933575000000
1.853002402000000 3.242373021000000
1.854443555000000 3.242812467000000
1.855884708000000 3.243251913000000
1.857325861000000 3.243855928000000
1.858767014000000 3.244515820000000
1.860208167000000 3.245175712000000
1.861649319000000 3.245835604000000
1.863090472000000 3.246495495000000
1.864531625000000 3.247155387000000
1.865972778000000 3.247815279000000
1.867413931000000 3.248475171000000
1.868855084000000 3.249136614000000
1.870296237000000 3.249817782000000
1.871737390000000 3.250498949000000
1.873178543000000 3.251180117000000
1.874619696000000 3.251861284000000
1.876060849000000 3.252542451000000
1.877502002000000 3.253223619000000
1.878943155000000 3.253904786000000
1.880384307000000 3.254585954000000
1.881825460000000 3.255177182000000
1.883266613000000 3.255633108000000
1.884707766000000 3.256089035000000
1.886148919000000 3.256544962000000
1.887590072000000 3.257000889000000
1.889031225000000 3.257456816000000
1.890472378000000 3.257912743000000
1.891913531000000 3.258368670000000
1.893354684000000 3.258824597000000
1.894795837000000 3.259275325000000
1.896236990000000 3.259724088000000
1.897678143000000 3.260172851000000
1.899119295000000 3.260621614000000
1.900560448000000 3.261070378000000
1.902001601000000 3.261519141000000
1.903442754000000 3.261967904000000
1.904883907000000 3.262416667000000
1.906325060000000 3.262866693000000
1.907766213000000 3.263339711000000
1.909207366000000 3.263812728000000
1.910648519000000 3.264285746000000
1.912089672000000 3.264758763000000
1.913530825000000 3.265231781000000
1.914971978000000 3.265704799000000
1.916413131000000 3.266177816000000
1.917854283000000 3.266650834000000
1.919295436000000 3.267566249000000
1.920736589000000 3.269208171000000
1.922177742000000 3.270850094000000
1.923618895000000 3.272492016000000
1.925060048000000 3.274133938000000
1.926501201000000 3.275775860000000
1.927942354000000 3.277417782000000
1.929383507000000 3.279059705000000
1.930824660000000 3.280701627000000
1.932265813000000 3.282343549000000
1.933706966000000 3.283985471000000
1.935148118000000 3.285627393000000
1.936589271000000 3.287269315000000
1.938030424000000 3.288911238000000
1.939471577000000 3.290553160000000
1.940912730000000 3.292195082000000
1.942353883000000 3.293837004000000
1.943795036000000 3.295726426000000
1.945236189000000 3.297643772000000
1.946677342000000 3.299561118000000
1.948118495000000 3.301478465000000
1.949559648000000 3.303395811000000
1.951000801000000 3.305313157000000
1.952441954000000 3.307230504000000
1.953883106000000 3.309147850000000
1.955324259000000 3.311065196000000
1.956765412000000 3.312982543000000
1.958206565000000 3.314899889000000
1.959647718000000 3.316817236000000
1.961088871000000 3.318734582000000
1.962530024000000 3.316829204000000
1.963971177000000 3.314442624000000
1.965412330000000 3.312056043000000
1.966853483000000 3.309669463000000
1.968294636000000 3.307282882000000
1.969735789000000 3.305766429000000
1.971176942000000 3.304651914000000
1.972618094000000 3.303537398000000
1.974059247000000 3.302422883000000
1.975500400000000 3.301308367000000
1.976941553000000 3.300193852000000
1.978382706000000 3.299079336000000
1.979823859000000 3.297964820000000
1.981265012000000 3.296867855000000
1.982706165000000 3.297438166000000
1.984147318000000 3.298008478000000
1.985588471000000 3.298578789000000
1.987029624000000 3.299149100000000
1.988470777000000 3.299719411000000
1.989911930000000 3.300289722000000
1.991353082000000 3.300860034000000
1.992794235000000 3.301430345000000
1.994235388000000 3.301918677000000
1.995676541000000 3.302245586000000
1.997117694000000 3.302572496000000
1.998558847000000 3.302899405000000
2.000000000000000 3.303226314000000
