0.800000000000000 1.843749500000000
0.800200100000000 1.844335432000000
0.800400200000000 1.844921365000000
0.800600300000000 1.845507298000000
0.800800400000000 1.846093231000000
0.801000500000000 1.846679163000000
0.801200600000000 1.847265096000000
0.801400700000000 1.847851029000000
0.801600800000000 1.848436961000000
0.801800900000000 1.849022894000000
0.802001001000000 1.849608827000000
0.802201101000000 1.850194759000000
0.802401201000000 1.850780692000000
0.802601301000000 1.851366625000000
0.802801401000000 1.851952557000000
0.803001501000000 1.852538490000000
0.803201601000000 1.853124423000000
0.803401701000000 1.853710356000000
0.803601801000000 1.854296288000000
0.803801901000000 1.854882221000000
0.804002001000000 1.855468154000000
0.804202101000000 1.856054086000000
0.804402201000000 1.856640019000000
0.804602301000000 1.857225952000000
0.804802401000000 1.857811884000000
0.805002501000000 1.858397817000000
0.805202601000000 1.858983750000000
0.805402701000000 1.859569682000000
0.805602801000000 1.860155615000000
0.805802901000000 1.860741548000000
0.806003002000000 1.861327481000000
0.806203102000000 1.861913413000000
0.806403202000000 1.862496342000000
0.806603302000000 1.863078352000000
0.806803402000000 1.863660362000000
0.807003502000000 1.864242371000000
0.807203602000000 1.864824381000000
0.807403702000000 1.865406391000000
0.807603802000000 1.865988400000000
0.807803902000000 1.866570410000000
0.808004002000000 1.867152420000000
0.808204102000000 1.867734429000000
0.808404202000000 1.868316439000000
0.808604302000000 1.868898449000000
0.808804402000000 1.869480458000000
0.809004502000000 1.870062468000000
0.809204602000000 1.870644478000000
0.809404702000000 1.871226487000000
0.809604802000000 1.871808497000000
0.809804902000000 1.872390507000000
0.810005003000000 1.872972516000000
0.810205103000000 1.873554526000000
0.810405203000000 1.874136536000000
0.810605303000000 1.874718545000000
0.810805403000000 1.875300555000000
0.811005503000000 1.875882565000000
0.811205603000000 1.876464574000000
0.811405703000000 1.877046584000000
0.811605803000000 1.877628594000000
0.811805903000000 1.878210603000000
0.812006003000000 1.878792613000000
0.812206103000000 1.879374623000000
0.812406203000000 1.879956632000000
0.812606303000000 1.880538642000000
0.812806403000000 1.881120652000000
0.813006503000000 1.881702661000000
0.813206603000000 1.882284671000000
0.813406703000000 1.882866681000000
0.813606803000000 1.883448690000000
0.813806903000000 1.884030700000000
0.814007004000000 1.884612710000000
0.814207104000000 1.885194719000000
0.814407204000000 1.885776729000000
0.814607304000000 1.886358739000000
0.814807404000000 1.886940748000000
0.815007504000000 1.887522758000000
0.815207604000000 1.888104768000000
0.815407704000000 1.888686777000000
0.815607804000000 1.889268787000000
0.815807904000000 1.889850797000000
0.816008004000000 1.890432806000000
0.816208104000000 1.891014816000000
0.816408204000000 1.891596826000000
0.816608304000000 1.892178835000000
0.816808404000000 1.892760845000000
0.817008504000000 1.893342855000000
0.817208604000000 1.893924864000000
0.817408704000000 1.894506874000000
0.817608804000000 1.895088884000000
0.817808904000000 1.895670893000000
0.818009005000000 1.896252903000000
0.818209105000000 1.896834913000000
0.818409205000000 1.897416922000000
0.818609305000000 1.897998932000000
0.818809405000000 1.898661951000000
0.819009505000000 1.899516832000000
0.819209605000000 1.900371714000000
0.819409705000000 1.901226596000000
0.819609805000000 1.902081478000000
0.819809905000000 1.902936359000000
0.820010005000000 1.903791241000000
0.820210105000000 1.904646123000000
0.820410205000000 1.905501005000000
0.820610305000000 1.906355887000000
0.820810405000000 1.907210768000000
0.821010505000000 1.908065650000000
0.821210605000000 1.908920532000000
0.821410705000000 1.909775414000000
0.821610805000000 1.910630295000000
0.821810905000000 1.911485177000000
0.822011006000000 1.912340059000000
0.822211106000000 1.913194941000000
0.822411206000000 1.914049823000000
0.822611306000000 1.914904704000000
0.822811406000000 1.915759586000000
0.823011506000000 1.916614468000000
0.823211606000000 1.917469350000000
0.823411706000000 1.918324232000000
0.823611806000000 1.919179113000000
0.823811906000000 1.920033995000000
0.824012006000000 1.920888877000000
0.824212106000000 1.921743759000000
0.824412206000000 1.922598640000000
0.824612306000000 1.923453522000000
0.824812406000000 1.924308404000000
0.825012506000000 1.925163286000000
0.825212606000000 1.926018168000000
0.825412706000000 1.926873049000000
0.825612806000000 1.927727931000000
0.825812906000000 1.928582813000000
0.826013007000000 1.929437695000000
0.826213107000000 1.930292576000000
0.826413207000000 1.931147458000000
0.826613307000000 1.932002340000000
0.826813407000000 1.932857222000000
0.827013507000000 1.933712104000000
0.827213607000000 1.934566985000000
0.827413707000000 1.935421867000000
0.827613807000000 1.936276749000000
0.827813907000000 1.937131631000000
0.828014007000000 1.937986513000000
0.828214107000000 1.938841394000000
0.828414207000000 1.939696276000000
0.828614307000000 1.940551158000000
0.828814407000000 1.941406040000000
0.829014507000000 1.942260921000000
0.829214607000000 1.943115803000000
0.829414707000000 1.943970685000000
0.829614807000000 1.944825567000000
0.829814907000000 1.945680449000000
0.830015008000000 1.946535330000000
0.830215108000000 1.947390212000000
0.830415208000000 1.948245094000000
0.830615308000000 1.949099976000000
0.830815408000000 1.949954858000000
0.831015508000000 1.950809739000000
0.831215608000000 1.951664621000000
0.831415708000000 1.952503995000000
0.831615808000000 1.953340151000000
0.831815908000000 1.954176306000000
0.832016008000000 1.955012462000000
0.832216108000000 1.955848617000000
0.832416208000000 1.956684773000000
0.832616308000000 1.957520929000000
0.832816408000000 1.958357084000000
0.833016508000000 1.959193240000000
0.833216608000000 1.960029395000000
0.833416708000000 1.960865551000000
0.833616808000000 1.961701706000000
0.833816908000000 1.962537862000000
0.834017009000000 1.963374018000000
0.834217109000000 1.964210173000000
0.834417209000000 1.965046329000000
0.834617309000000 1.965882484000000
0.834817409000000 1.966718640000000
0.835017509000000 1.967554795000000
0.835217609000000 1.968390951000000
0.835417709000000 1.969227107000000
0.835617809000000 1.970063262000000
0.835817909000000 1.970899418000000
0.836018009000000 1.971735573000000
0.836218109000000 1.972571729000000
0.836418209000000 1.973407884000000
0.836618309000000 1.974244040000000
0.836818409000000 1.975080196000000
0.837018509000000 1.975916351000000
0.837218609000000 1.976752507000000
0.837418709000000 1.977588662000000
0.837618809000000 1.978424818000000
0.837818909000000 1.979260973000000
0.838019010000000 1.980097129000000
0.838219110000000 1.980933285000000
0.838419210000000 1.981769440000000
0.838619310000000 1.982605596000000
0.838819410000000 1.983441751000000
0.839019510000000 1.984277907000000
0.839219610000000 1.985114062000000
0.839419710000000 1.985950218000000
0.839619810000000 1.986786374000000
0.839819910000000 1.987622529000000
0.840020010000000 1.988458685000000
0.840220110000000 1.989294840000000
0.840420210000000 1.990130996000000
0.840620310000000 1.990967151000000
0.840820410000000 1.991803307000000
0.841020510000000 1.992639463000000
0.841220610000000 1.993475618000000
0.841420710000000 1.994311774000000
0.841620810000000 1.995147929000000
0.841820910000000 1.995984085000000
0.842021011000000 1.996820240000000
0.842221111000000 1.997656396000000
0.842421211000000 1.998492552000000
0.842621311000000 1.999328707000000
0.842821411000000 2.000164863000000
0.843021511000000 2.001001018000000
0.843221611000000 2.001837174000000
0.843421711000000 2.002673329000000
0.843621811000000 2.003509485000000
0.843821911000000 2.004235558000000
0.844022011000000 2.004765395000000
0.844222111000000 2.005295233000000
0.844422211000000 2.005825070000000
0.844622311000000 2.006354908000000
0.844822411000000 2.006884746000000
0.845022511000000 2.007414583000000
0.845222611000000 2.007944421000000
0.845422711000000 2.008474259000000
0.845622811000000 2.009004096000000
0.845822911000000 2.009533934000000
0.846023012000000 2.010063771000000
0.846223112000000 2.010593609000000
0.846423212000000 2.011123447000000
0.846623312000000 2.011653284000000
0.846823412000000 2.012183122000000
0.847023512000000 2.012712960000000
0.847223612000000 2.013242797000000
0.847423712000000 2.013772635000000
0.847623812000000 2.014302472000000
0.847823912000000 2.014832310000000
0.848024012000000 2.015362148000000
0.848224112000000 2.015891985000000
0.848424212000000 2.016421823000000
0.848624312000000 2.016951661000000
0.848824412000000 2.017481498000000
0.849024512000000 2.018011336000000
0.849224612000000 2.018541173000000
0.849424712000000 2.019071011000000
0.849624812000000 2.019600849000000
0.849824912000000 2.020130686000000
0.850025013000000 2.020660524000000
0.850225113000000 2.021190362000000
0.850425213000000 2.021720199000000
0.850625313000000 2.022250037000000
0.850825413000000 2.022779874000000
0.851025513000000 2.023309712000000
0.851225613000000 2.023839550000000
0.851425713000000 2.024369387000000
0.851625813000000 2.024899225000000
0.851825913000000 2.025429063000000
0.852026013000000 2.025958900000000
0.852226113000000 2.026488738000000
0.852426213000000 2.027018575000000
0.852626313000000 2.027548413000000
0.852826413000000 2.028078251000000
0.853026513000000 2.028608088000000
0.853226613000000 2.029137926000000
0.853426713000000 2.029667764000000
0.853626813000000 2.030197601000000
0.853826913000000 2.030727439000000
0.854027014000000 2.031257276000000
0.854227114000000 2.031787114000000
0.854427214000000 2.032316952000000
0.854627314000000 2.032846789000000
0.854827414000000 2.033376627000000
0.855027514000000 2.033906465000000
0.855227614000000 2.034436302000000
0.855427714000000 2.034966140000000
0.855627814000000 2.035495978000000
0.855827914000000 2.036025815000000
0.856028014000000 2.036555653000000
0.856228114000000 2.037085490000000
0.856428214000000 2.037788215000000
0.856628314000000 2.038512171000000
0.856828414000000 2.039236127000000
0.857028514000000 2.039960083000000
0.857228614000000 2.040684039000000
0.857428714000000 2.041407995000000
0.857628814000000 2.042131951000000
0.857828914000000 2.042855907000000
0.858029015000000 2.043579863000000
0.858229115000000 2.044303819000000
0.858429215000000 2.045027775000000
0.858629315000000 2.045751731000000
0.858829415000000 2.046475687000000
0.859029515000000 2.047199643000000
0.859229615000000 2.047923599000000
0.859429715000000 2.048647555000000
0.859629815000000 2.049371511000000
0.859829915000000 2.050095467000000
0.860030015000000 2.050819423000000
0.860230115000000 2.051543379000000
0.860430215000000 2.052267335000000
0.860630315000000 2.052991292000000
0.860830415000000 2.053715248000000
0.861030515000000 2.054439204000000
0.861230615000000 2.055163160000000
0.861430715000000 2.055887116000000
0.861630815000000 2.056611072000000
0.861830915000000 2.057335028000000
0.862031016000000 2.058058984000000
0.862231116000000 2.058782940000000
0.862431216000000 2.059506896000000
0.862631316000000 2.060230852000000
0.862831416000000 2.060954808000000
0.863031516000000 2.061678764000000
0.863231616000000 2.062402720000000
0.863431716000000 2.063126676000000
0.863631816000000 2.063850632000000
0.863831916000000 2.064574588000000
0.864032016000000 2.065298544000000
0.864232116000000 2.066022500000000
0.864432216000000 2.066746456000000
0.864632316000000 2.067470412000000
0.864832416000000 2.068194368000000
0.865032516000000 2.068918324000000
0.865232616000000 2.069642280000000
0.865432716000000 2.070366236000000
0.865632816000000 2.071090192000000
0.865832916000000 2.071814148000000
0.866033017000000 2.072538105000000
0.866233117000000 2.073262061000000
0.866433217000000 2.073986017000000
0.866633317000000 2.074709973000000
0.866833417000000 2.075433929000000
0.867033517000000 2.076157885000000
0.867233617000000 2.076881841000000
0.867433717000000 2.077605797000000
0.867633817000000 2.078329753000000
0.867833917000000 2.079053709000000
0.868034017000000 2.079777665000000
0.868234117000000 2.080501621000000
0.868434217000000 2.081225577000000
0.868634317000000 2.081949533000000
0.868834417000000 2.082647200000000
0.869034517000000 2.083308841000000
0.869234617000000 2.083970481000000
0.869434717000000 2.084632122000000
0.869634817000000 2.085293763000000
0.869834917000000 2.085955404000000
0.870035018000000 2.086617044000000
0.870235118000000 2.087278685000000
0.870435218000000 2.087940326000000
0.870635318000000 2.088601967000000
0.870835418000000 2.089263608000000
0.871035518000000 2.089925248000000
0.871235618000000 2.090586889000000
0.871435718000000 2.091248530000000
0.871635818000000 2.091910171000000
0.871835918000000 2.092571812000000
0.872036018000000 2.093233452000000
0.872236118000000 2.093895093000000
0.872436218000000 2.094556734000000
0.872636318000000 2.095218375000000
0.872836418000000 2.095880015000000
0.873036518000000 2.096541656000000
0.873236618000000 2.097203297000000
0.873436718000000 2.097864938000000
0.873636818000000 2.098526579000000
0.873836918000000 2.099188219000000
0.874037019000000 2.099849860000000
0.874237119000000 2.100511501000000
0.874437219000000 2.101173142000000
0.874637319000000 2.101834782000000
0.874837419000000 2.102496423000000
0.875037519000000 2.103158064000000
0.875237619000000 2.103819705000000
0.875437719000000 2.104481346000000
0.875637819000000 2.105142986000000
0.875837919000000 2.105804627000000
0.876038019000000 2.106466268000000
0.876238119000000 2.107127909000000
0.876438219000000 2.107789549000000
0.876638319000000 2.108451190000000
0.876838419000000 2.109112831000000
0.877038519000000 2.109774472000000
0.877238619000000 2.110436113000000
0.877438719000000 2.111097753000000
0.877638819000000 2.111759394000000
0.877838919000000 2.112421035000000
0.878039020000000 2.113082676000000
0.878239120000000 2.113744317000000
0.878439220000000 2.114405957000000
0.878639320000000 2.115067598000000
0.878839420000000 2.115729239000000
0.879039520000000 2.116390880000000
0.879239620000000 2.117052520000000
0.879439720000000 2.117714161000000
0.879639820000000 2.118375802000000
0.879839920000000 2.119037443000000
0.880040020000000 2.119699084000000
0.880240120000000 2.120360724000000
0.880440220000000 2.121022365000000
0.880640320000000 2.121684006000000
0.880840420000000 2.122345647000000
0.881040520000000 2.123007287000000
0.881240620000000 2.123668928000000
0.881440720000000 2.124050397000000
0.881640820000000 2.124418087000000
0.881840920000000 2.124785777000000
0.882041021000000 2.125153467000000
0.882241121000000 2.125521158000000
0.882441221000000 2.125888848000000
0.882641321000000 2.126256538000000
0.882841421000000 2.126624228000000
0.883041521000000 2.126991918000000
0.883241621000000 2.127359608000000
0.883441721000000 2.127727298000000
0.883641821000000 2.128094988000000
0.883841921000000 2.128462678000000
0.884042021000000 2.128830368000000
0.884242121000000 2.129198058000000
0.884442221000000 2.129565748000000
0.884642321000000 2.129933438000000
0.884842421000000 2.130301128000000
0.885042521000000 2.130668818000000
0.885242621000000 2.131036509000000
0.885442721000000 2.131404199000000
0.885642821000000 2.131771889000000
0.885842921000000 2.132139579000000
0.886043022000000 2.132507269000000
0.886243122000000 2.132874959000000
0.886443222000000 2.133242649000000
0.886643322000000 2.133610339000000
0.886843422000000 2.133978029000000
0.887043522000000 2.134345719000000
0.887243622000000 2.134713409000000
0.887443722000000 2.135081099000000
0.887643822000000 2.135448789000000
0.887843922000000 2.135816479000000
0.888044022000000 2.136184170000000
0.888244122000000 2.136551860000000
0.888444222000000 2.136919550000000
0.888644322000000 2.137287240000000
0.888844422000000 2.137654930000000
0.889044522000000 2.138022620000000
0.889244622000000 2.138390310000000
0.889444722000000 2.138758000000000
0.889644822000000 2.139125690000000
0.889844922000000 2.139493380000000
0.890045023000000 2.139861070000000
0.890245123000000 2.140228760000000
0.890445223000000 2.140596450000000
0.890645323000000 2.140964140000000
0.890845423000000 2.141331830000000
0.891045523000000 2.141699521000000
0.891245623000000 2.142067211000000
0.891445723000000 2.142434901000000
0.891645823000000 2.142802591000000
0.891845923000000 2.143170281000000
0.892046023000000 2.143537971000000
0.892246123000000 2.143905661000000
0.892446223000000 2.144273351000000
0.892646323000000 2.144641041000000
0.892846423000000 2.145008731000000
0.893046523000000 2.145376421000000
0.893246623000000 2.145744111000000
0.893446723000000 2.146111801000000
0.893646823000000 2.146479491000000
0.893846923000000 2.146821882000000
0.894047024000000 2.147137340000000
0.894247124000000 2.147452798000000
0.894447224000000 2.147768256000000
0.894647324000000 2.148083714000000
0.894847424000000 2.148399172000000
0.895047524000000 2.148714630000000
0.895247624000000 2.149030088000000
0.895447724000000 2.149345546000000
0.895647824000000 2.149661005000000
0.895847924000000 2.149976463000000
0.896048024000000 2.150291921000000
0.896248124000000 2.150607379000000
0.896448224000000 2.150922837000000
0.896648324000000 2.151238295000000
0.896848424000000 2.151553753000000
0.897048524000000 2.151869211000000
0.897248624000000 2.152184669000000
0.897448724000000 2.152500128000000
0.897648824000000 2.152815586000000
0.897848924000000 2.153131044000000
0.898049025000000 2.153446502000000
0.898249125000000 2.153761960000000
0.898449225000000 2.154077418000000
0.898649325000000 2.154392876000000
0.898849425000000 2.154708334000000
0.899049525000000 2.155023792000000
0.899249625000000 2.155339250000000
0.899449725000000 2.155654709000000
0.899649825000000 2.155970167000000
0.899849925000000 2.156285625000000
0.900050025000000 2.156601083000000
0.900250125000000 2.156916541000000
0.900450225000000 2.157231999000000
0.900650325000000 2.157547457000000
0.900850425000000 2.157862915000000
0.901050525000000 2.158178373000000
0.901250625000000 2.158493831000000
0.901450725000000 2.158809290000000
0.901650825000000 2.159124748000000
0.901850925000000 2.159440206000000
0.902051026000000 2.159755664000000
0.902251126000000 2.160071122000000
0.902451226000000 2.160386580000000
0.902651326000000 2.160702038000000
0.902851426000000 2.161017496000000
0.903051526000000 2.161332954000000
0.903251626000000 2.161648412000000
0.903451726000000 2.161963871000000
0.903651826000000 2.162279329000000
0.903851926000000 2.162594787000000
0.904052026000000 2.162910245000000
0.904252126000000 2.163225703000000
0.904452226000000 2.163541161000000
0.904652326000000 2.163856619000000
0.904852426000000 2.164172077000000
0.905052526000000 2.164487535000000
0.905252626000000 2.164802993000000
0.905452726000000 2.165118452000000
0.905652826000000 2.165433910000000
0.905852926000000 2.165749368000000
0.906053027000000 2.166064826000000
0.906253127000000 2.166381080000000
0.906453227000000 2.166747502000000
0.906653327000000 2.167113923000000
0.906853427000000 2.167480344000000
0.907053527000000 2.167846765000000
0.907253627000000 2.168213187000000
0.907453727000000 2.168579608000000
0.907653827000000 2.168946029000000
0.907853927000000 2.169312450000000
0.908054027000000 2.169678872000000
0.908254127000000 2.170045293000000
0.908454227000000 2.170411714000000
0.908654327000000 2.170778136000000
0.908854427000000 2.171144557000000
0.909054527000000 2.171510978000000
0.909254627000000 2.171877399000000
0.909454727000000 2.172243821000000
0.909654827000000 2.172610242000000
0.909854927000000 2.172976663000000
0.910055028000000 2.173343085000000
0.910255128000000 2.173709506000000
0.910455228000000 2.174075927000000
0.910655328000000 2.174442348000000
0.910855428000000 2.174808770000000
0.911055528000000 2.175175191000000
0.911255628000000 2.175541612000000
0.911455728000000 2.175908033000000
0.911655828000000 2.176274455000000
0.911855928000000 2.176640876000000
0.912056028000000 2.177007297000000
0.912256128000000 2.177373719000000
0.912456228000000 2.177740140000000
0.912656328000000 2.178106561000000
0.912856428000000 2.178472982000000
0.913056528000000 2.178839404000000
0.913256628000000 2.179205825000000
0.913456728000000 2.179572246000000
0.913656828000000 2.179938667000000
0.913856928000000 2.180305089000000
0.914057029000000 2.180671510000000
0.914257129000000 2.181037931000000
0.914457229000000 2.181404353000000
0.914657329000000 2.181770774000000
0.914857429000000 2.182137195000000
0.915057529000000 2.182503616000000
0.915257629000000 2.182870038000000
0.915457729000000 2.183236459000000
0.915657829000000 2.183602880000000
0.915857929000000 2.183969301000000
0.916058029000000 2.184335723000000
0.916258129000000 2.184702144000000
0.916458229000000 2.185068565000000
0.916658329000000 2.185434987000000
0.916858429000000 2.185801408000000
0.917058529000000 2.186167829000000
0.917258629000000 2.186534250000000
0.917458729000000 2.186900672000000
0.917658829000000 2.187267093000000
0.917858929000000 2.187633514000000
0.918059030000000 2.187999935000000
0.918259130000000 2.188366357000000
0.918459230000000 2.188732778000000
0.918659330000000 2.189099199000000
0.918859430000000 2.189433819000000
0.919059530000000 2.189742089000000
0.919259630000000 2.190050359000000
0.919459730000000 2.190358629000000
0.919659830000000 2.190666899000000
0.919859930000000 2.190975169000000
0.920060030000000 2.191283439000000
0.920260130000000 2.191591709000000
0.920460230000000 2.191899979000000
0.920660330000000 2.192208249000000
0.920860430000000 2.192516519000000
0.921060530000000 2.192824789000000
0.921260630000000 2.193133059000000
0.921460730000000 2.193441329000000
0.921660830000000 2.193749599000000
0.921860930000000 2.194057869000000
0.922061031000000 2.194366139000000
0.922261131000000 2.194674409000000
0.922461231000000 2.194982679000000
0.922661331000000 2.195290949000000
0.922861431000000 2.195599219000000
0.923061531000000 2.195907489000000
0.923261631000000 2.196215759000000
0.923461731000000 2.196524029000000
0.923661831000000 2.196832299000000
0.923861931000000 2.197140569000000
0.924062031000000 2.197448839000000
0.924262131000000 2.197757109000000
0.924462231000000 2.198065379000000
0.924662331000000 2.198373649000000
0.924862431000000 2.198681919000000
0.925062531000000 2.198990189000000
0.925262631000000 2.199298459000000
0.925462731000000 2.199606729000000
0.925662831000000 2.199914999000000
0.925862931000000 2.200223269000000
0.926063032000000 2.200531539000000
0.926263132000000 2.200839809000000
0.926463232000000 2.201148079000000
0.926663332000000 2.201456349000000
0.926863432000000 2.201764619000000
0.927063532000000 2.202072889000000
0.927263632000000 2.202381159000000
0.927463732000000 2.202689429000000
0.927663832000000 2.202997699000000
0.927863932000000 2.203305969000000
0.928064032000000 2.203614239000000
0.928264132000000 2.203922509000000
0.928464232000000 2.204230779000000
0.928664332000000 2.204539049000000
0.928864432000000 2.204847319000000
0.929064532000000 2.205155589000000
0.929264632000000 2.205463859000000
0.929464732000000 2.205772129000000
0.929664832000000 2.206080399000000
0.929864932000000 2.206388669000000
0.930065033000000 2.206696939000000
0.930265133000000 2.207005209000000
0.930465233000000 2.207313479000000
0.930665333000000 2.207621749000000
0.930865433000000 2.207930019000000
0.931065533000000 2.208238289000000
0.931265633000000 2.208534911000000
0.931465733000000 2.208694080000000
0.931665833000000 2.208853249000000
0.931865933000000 2.209012419000000
0.932066033000000 2.209171588000000
0.932266133000000 2.209330757000000
0.932466233000000 2.209489927000000
0.932666333000000 2.209649096000000
0.932866433000000 2.209808266000000
0.933066533000000 2.209967435000000
0.933266633000000 2.210126604000000
0.933466733000000 2.210285774000000
0.933666833000000 2.210444943000000
0.933866933000000 2.210604112000000
0.934067034000000 2.210763282000000
0.934267134000000 2.210922451000000
0.934467234000000 2.211081621000000
0.934667334000000 2.211240790000000
0.934867434000000 2.211399959000000
0.935067534000000 2.211559129000000
0.935267634000000 2.211718298000000
0.935467734000000 2.211877467000000
0.935667834000000 2.212036637000000
0.935867934000000 2.212195806000000
0.936068034000000 2.212354976000000
0.936268134000000 2.212514145000000
0.936468234000000 2.212673314000000
0.936668334000000 2.212832484000000
0.936868434000000 2.212991653000000
0.937068534000000 2.213150822000000
0.937268634000000 2.213309992000000
0.937468734000000 2.213469161000000
0.937668834000000 2.213628331000000
0.937868934000000 2.213787500000000
0.938069035000000 2.213946669000000
0.938269135000000 2.214105839000000
0.938469235000000 2.214265008000000
0.938669335000000 2.214424177000000
0.938869435000000 2.214583347000000
0.939069535000000 2.214742516000000
0.939269635000000 2.214901686000000
0.939469735000000 2.215060855000000
0.939669835000000 2.215220024000000
0.939869935000000 2.215379194000000
0.940070035000000 2.215538363000000
0.940270135000000 2.215697532000000
0.940470235000000 2.215856702000000
0.940670335000000 2.216015871000000
0.940870435000000 2.216175041000000
0.941070535000000 2.216334210000000
0.941270635000000 2.216493379000000
0.941470735000000 2.216652549000000
0.941670835000000 2.216811718000000
0.941870935000000 2.216970888000000
0.942071036000000 2.217130057000000
0.942271136000000 2.217289226000000
0.942471236000000 2.217448396000000
0.942671336000000 2.217607565000000
0.942871436000000 2.217766734000000
0.943071536000000 2.217925904000000
0.943271636000000 2.218085073000000
0.943471736000000 2.218244243000000
0.943671836000000 2.218403412000000
0.943871936000000 2.218553886000000
0.944072036000000 2.218698786000000
0.944272136000000 2.218843686000000
0.944472236000000 2.218988585000000
0.944672336000000 2.219133485000000
0.944872436000000 2.219278385000000
0.945072536000000 2.219423285000000
0.945272636000000 2.219568185000000
0.945472736000000 2.219713085000000
0.945672836000000 2.219857985000000
0.945872936000000 2.220002884000000
0.946073037000000 2.220147784000000
0.946273137000000 2.220292684000000
0.946473237000000 2.220437584000000
0.946673337000000 2.220582484000000
0.946873437000000 2.220727384000000
0.947073537000000 2.220872284000000
0.947273637000000 2.221017183000000
0.947473737000000 2.221162083000000
0.947673837000000 2.221306983000000
0.947873937000000 2.221451883000000
0.948074037000000 2.221596783000000
0.948274137000000 2.221741683000000
0.948474237000000 2.221886583000000
0.948674337000000 2.222031483000000
0.948874437000000 2.222176382000000
0.949074537000000 2.222321282000000
0.949274637000000 2.222466182000000
0.949474737000000 2.222611082000000
0.949674837000000 2.222755982000000
0.949874937000000 2.222900882000000
0.950075038000000 2.223045782000000
0.950275138000000 2.223190681000000
0.950475238000000 2.223335581000000
0.950675338000000 2.223480481000000
0.950875438000000 2.223625381000000
0.951075538000000 2.223770281000000
0.951275638000000 2.223915181000000
0.951475738000000 2.224060081000000
0.951675838000000 2.224204980000000
0.951875938000000 2.224349880000000
0.952076038000000 2.224494780000000
0.952276138000000 2.224639680000000
0.952476238000000 2.224784580000000
0.952676338000000 2.224929480000000
0.952876438000000 2.225074380000000
0.953076538000000 2.225219280000000
0.953276638000000 2.225364179000000
0.953476738000000 2.225509079000000
0.953676838000000 2.225653979000000
0.953876938000000 2.225798879000000
0.954077039000000 2.225943779000000
0.954277139000000 2.226088679000000
0.954477239000000 2.226233579000000
0.954677339000000 2.226378478000000
0.954877439000000 2.226523378000000
0.955077539000000 2.226668278000000
0.955277639000000 2.226813178000000
0.955477739000000 2.226958078000000
0.955677839000000 2.227102978000000
0.955877939000000 2.227247878000000
0.956078039000000 2.227392777000000
0.956278139000000 2.227550144000000
0.956478239000000 2.227783692000000
0.956678339000000 2.228017241000000
0.956878439000000 2.228250790000000
0.957078539000000 2.228484339000000
0.957278639000000 2.228717888000000
0.957478739000000 2.228951437000000
0.957678839000000 2.229184986000000
0.957878939000000 2.229418534000000
0.958079040000000 2.229652083000000
0.958279140000000 2.229885632000000
0.958479240000000 2.230119181000000
0.958679340000000 2.230352730000000
0.958879440000000 2.230586279000000
0.959079540000000 2.230819827000000
0.959279640000000 2.231053376000000
0.959479740000000 2.231286925000000
0.959679840000000 2.231520474000000
0.959879940000000 2.231754023000000
0.960080040000000 2.231987572000000
0.960280140000000 2.232221121000000
0.960480240000000 2.232454669000000
0.960680340000000 2.232688218000000
0.960880440000000 2.232921767000000
0.961080540000000 2.233155316000000
0.961280640000000 2.233388865000000
0.961480740000000 2.233622414000000
0.961680840000000 2.233855962000000
0.961880940000000 2.234089511000000
0.962081041000000 2.234323060000000
0.962281141000000 2.234556609000000
0.962481241000000 2.234790158000000
0.962681341000000 2.235023707000000
0.962881441000000 2.235257256000000
0.963081541000000 2.235490804000000
0.963281641000000 2.235724353000000
0.963481741000000 2.235957902000000
0.963681841000000 2.236191451000000
0.963881941000000 2.236425000000000
0.964082041000000 2.236658549000000
0.964282141000000 2.236892097000000
0.964482241000000 2.237125646000000
0.964682341000000 2.237359195000000
0.964882441000000 2.237592744000000
0.965082541000000 2.237826293000000
0.965282641000000 2.238059842000000
0.965482741000000 2.238293391000000
0.965682841000000 2.238526939000000
0.965882941000000 2.238760488000000
0.966083042000000 2.238994037000000
0.966283142000000 2.239227586000000
0.966483242000000 2.239461135000000
0.966683342000000 2.239694684000000
0.966883442000000 2.239928232000000
0.967083542000000 2.240161781000000
0.967283642000000 2.240395330000000
0.967483742000000 2.240628879000000
0.967683842000000 2.240862428000000
0.967883942000000 2.241095977000000
0.968084042000000 2.241329526000000
0.968284142000000 2.241563074000000
0.968484242000000 2.241796623000000
0.968684342000000 2.242030172000000
0.968884442000000 2.242221587000000
0.969084542000000 2.242392425000000
0.969284642000000 2.242563263000000
0.969484742000000 2.242734101000000
0.969684842000000 2.242904939000000
0.969884942000000 2.243075777000000
0.970085043000000 2.243246615000000
0.970285143000000 2.243417453000000
0.970485243000000 2.243588291000000
0.970685343000000 2.243759129000000
0.970885443000000 2.243929967000000
0.971085543000000 2.244100805000000
0.971285643000000 2.244271643000000
0.971485743000000 2.244442480000000
0.971685843000000 2.244613318000000
0.971885943000000 2.244784156000000
0.972086043000000 2.244954994000000
0.972286143000000 2.245125832000000
0.972486243000000 2.245296670000000
0.972686343000000 2.245467508000000
0.972886443000000 2.245638346000000
0.973086543000000 2.245809184000000
0.973286643000000 2.245980022000000
0.973486743000000 2.246150860000000
0.973686843000000 2.246321698000000
0.973886943000000 2.246492536000000
0.974087044000000 2.246663374000000
0.974287144000000 2.246834212000000
0.974487244000000 2.247005050000000
0.974687344000000 2.247175888000000
0.974887444000000 2.247346726000000
0.975087544000000 2.247517564000000
0.975287644000000 2.247688402000000
0.975487744000000 2.247859240000000
0.975687844000000 2.248030078000000
0.975887944000000 2.248200916000000
0.976088044000000 2.248371753000000
0.976288144000000 2.248542591000000
0.976488244000000 2.248713429000000
0.976688344000000 2.248884267000000
0.976888444000000 2.249055105000000
0.977088544000000 2.249225943000000
0.977288644000000 2.249396781000000
0.977488744000000 2.249567619000000
0.977688844000000 2.249738457000000
0.977888944000000 2.249909295000000
0.978089045000000 2.250080133000000
0.978289145000000 2.250250971000000
0.978489245000000 2.250421809000000
0.978689345000000 2.250592647000000
0.978889445000000 2.250763485000000
0.979089545000000 2.250934323000000
0.979289645000000 2.251105161000000
0.979489745000000 2.251275999000000
0.979689845000000 2.251446837000000
0.979889945000000 2.251617675000000
0.980090045000000 2.251788513000000
0.980290145000000 2.251959351000000
0.980490245000000 2.252130189000000
0.980690345000000 2.252301026000000
0.980890445000000 2.252471864000000
0.981090545000000 2.252642702000000
0.981290645000000 2.252793455000000
0.981490745000000 2.252865414000000
0.981690845000000 2.252937373000000
0.981890945000000 2.253009332000000
0.982091046000000 2.253081290000000
0.982291146000000 2.253153249000000
0.982491246000000 2.253225208000000
0.982691346000000 2.253297167000000
0.982891446000000 2.253369125000000
0.983091546000000 2.253441084000000
0.983291646000000 2.253513043000000
0.983491746000000 2.253585002000000
0.983691846000000 2.253656960000000
0.983891946000000 2.253728919000000
0.984092046000000 2.253800878000000
0.984292146000000 2.253872837000000
0.984492246000000 2.253944795000000
0.984692346000000 2.254016754000000
0.984892446000000 2.254088713000000
0.985092546000000 2.254160672000000
0.985292646000000 2.254232630000000
0.985492746000000 2.254304589000000
0.985692846000000 2.254376548000000
0.985892946000000 2.254448507000000
0.986093047000000 2.254520465000000
0.986293147000000 2.254592424000000
0.986493247000000 2.254664383000000
0.986693347000000 2.254736342000000
0.986893447000000 2.254808300000000
0.987093547000000 2.254880259000000
0.987293647000000 2.254952218000000
0.987493747000000 2.255024177000000
0.987693847000000 2.255096135000000
0.987893947000000 2.255168094000000
0.988094047000000 2.255240053000000
0.988294147000000 2.255312011000000
0.988494247000000 2.255383970000000
0.988694347000000 2.255455929000000
0.988894447000000 2.255527888000000
0.989094547000000 2.255599846000000
0.989294647000000 2.255671805000000
0.989494747000000 2.255743764000000
0.989694847000000 2.255815723000000
0.989894947000000 2.255887681000000
0.990095048000000 2.255959640000000
0.990295148000000 2.256031599000000
0.990495248000000 2.256103558000000
0.990695348000000 2.256175516000000
0.990895448000000 2.256247475000000
0.991095548000000 2.256319434000000
0.991295648000000 2.256391393000000
0.991495748000000 2.256463351000000
0.991695848000000 2.256535310000000
0.991895948000000 2.256607269000000
0.992096048000000 2.256679228000000
0.992296148000000 2.256751186000000
0.992496248000000 2.256823145000000
0.992696348000000 2.256895104000000
0.992896448000000 2.256967063000000
0.993096548000000 2.257039021000000
0.993296648000000 2.257110980000000
0.993496748000000 2.257182939000000
0.993696848000000 2.257254898000000
0.993896948000000 2.257371786000000
0.994097049000000 2.257504925000000
0.994297149000000 2.257638064000000
0.994497249000000 2.257771204000000
0.994697349000000 2.257904343000000
0.994897449000000 2.258037483000000
0.995097549000000 2.258170622000000
0.995297649000000 2.258303761000000
0.995497749000000 2.258436901000000
0.995697849000000 2.258570040000000
0.995897949000000 2.258703179000000
0.996098049000000 2.258836319000000
0.996298149000000 2.258969458000000
0.996498249000000 2.259102597000000
0.996698349000000 2.259235737000000
0.996898449000000 2.259368876000000
0.997098549000000 2.259502015000000
0.997298649000000 2.259635155000000
0.997498749000000 2.259768294000000
0.997698849000000 2.259901433000000
0.997898949000000 2.260034573000000
0.998099050000000 2.260167712000000
0.998299150000000 2.260300851000000
0.998499250000000 2.260433991000000
0.998699350000000 2.260567130000000
0.998899450000000 2.260700269000000
0.999099550000000 2.260833409000000
0.999299650000000 2.260966548000000
0.999499750000000 2.261099687000000
0.999699850000000 2.261232827000000
0.999899950000000 2.261365966000000
1.000100050000000 2.261499105000000
1.000300150000000 2.261632245000000
1.000500250000000 2.261765384000000
1.000700350000000 2.261898523000000
1.000900450000000 2.262031663000000
1.001100550000000 2.262164802000000
1.001300650000000 2.262297941000000
1.001500750000000 2.262431081000000
1.001700850000000 2.262564220000000
1.001900950000000 2.262697359000000
1.002101051000000 2.262830499000000
1.002301151000000 2.262963638000000
1.002501251000000 2.263096777000000
1.002701351000000 2.263229917000000
1.002901451000000 2.263363056000000
1.003101551000000 2.263496195000000
1.003301651000000 2.263629335000000
1.003501751000000 2.263762474000000
1.003701851000000 2.263895613000000
1.003901951000000 2.264028753000000
1.004102051000000 2.264161892000000
1.004302151000000 2.264295032000000
1.004502251000000 2.264428171000000
1.004702351000000 2.264561310000000
1.004902451000000 2.264694450000000
1.005102551000000 2.264827589000000
1.005302651000000 2.264960728000000
1.005502751000000 2.265093868000000
1.005702851000000 2.265227007000000
1.005902951000000 2.265360146000000
1.006103052000000 2.265493286000000
1.006303152000000 2.265631094000000
1.006503252000000 2.265781810000000
1.006703352000000 2.265932526000000
1.006903452000000 2.266083242000000
1.007103552000000 2.266233958000000
1.007303652000000 2.266384675000000
1.007503752000000 2.266535391000000
1.007703852000000 2.266686107000000
1.007903952000000 2.266836823000000
1.008104052000000 2.266987539000000
1.008304152000000 2.267138255000000
1.008504252000000 2.267288972000000
1.008704352000000 2.267439688000000
1.008904452000000 2.267590404000000
1.009104552000000 2.267741120000000
1.009304652000000 2.267891836000000
1.009504752000000 2.268042552000000
1.009704852000000 2.268193269000000
1.009904952000000 2.268343985000000
1.010105053000000 2.268494701000000
1.010305153000000 2.268645417000000
1.010505253000000 2.268796133000000
1.010705353000000 2.268946850000000
1.010905453000000 2.269097566000000
1.011105553000000 2.269248282000000
1.011305653000000 2.269398998000000
1.011505753000000 2.269549714000000
1.011705853000000 2.269700430000000
1.011905953000000 2.269851147000000
1.012106053000000 2.270001863000000
1.012306153000000 2.270152579000000
1.012506253000000 2.270303295000000
1.012706353000000 2.270454011000000
1.012906453000000 2.270604727000000
1.013106553000000 2.270755444000000
1.013306653000000 2.270906160000000
1.013506753000000 2.271056876000000
1.013706853000000 2.271207592000000
1.013906953000000 2.271358308000000
1.014107054000000 2.271509024000000
1.014307154000000 2.271659741000000
1.014507254000000 2.271810457000000
1.014707354000000 2.271961173000000
1.014907454000000 2.272111889000000
1.015107554000000 2.272262605000000
1.015307654000000 2.272413321000000
1.015507754000000 2.272564038000000
1.015707854000000 2.272714754000000
1.015907954000000 2.272865470000000
1.016108054000000 2.273016186000000
1.016308154000000 2.273166902000000
1.016508254000000 2.273317618000000
1.016708354000000 2.273468335000000
1.016908454000000 2.273619051000000
1.017108554000000 2.273769767000000
1.017308654000000 2.273920483000000
1.017508754000000 2.274071199000000
1.017708854000000 2.274221915000000
1.017908954000000 2.274372632000000
1.018109055000000 2.274523348000000
1.018309155000000 2.274674064000000
1.018509255000000 2.274824780000000
1.018709355000000 2.274975496000000
1.018909455000000 2.275247639000000
1.019109555000000 2.275550733000000
1.019309655000000 2.275853827000000
1.019509755000000 2.276156921000000
1.019709855000000 2.276460016000000
1.019909955000000 2.276763110000000
1.020110055000000 2.277066204000000
1.020310155000000 2.277369298000000
1.020510255000000 2.277672392000000
1.020710355000000 2.277975486000000
1.020910455000000 2.278278581000000
1.021110555000000 2.278581675000000
1.021310655000000 2.278884769000000
1.021510755000000 2.279187863000000
1.021710855000000 2.279490957000000
1.021910955000000 2.279794052000000
1.022111056000000 2.280097146000000
1.022311156000000 2.280400240000000
1.022511256000000 2.280703334000000
1.022711356000000 2.281006428000000
1.022911456000000 2.281309523000000
1.023111556000000 2.281612617000000
1.023311656000000 2.281915711000000
1.023511756000000 2.282218805000000
1.023711856000000 2.282521899000000
1.023911956000000 2.282824994000000
1.024112056000000 2.283128088000000
1.024312156000000 2.283431182000000
1.024512256000000 2.283734276000000
1.024712356000000 2.284037370000000
1.024912456000000 2.284340465000000
1.025112556000000 2.284643559000000
1.025312656000000 2.284946653000000
1.025512756000000 2.285249747000000
1.025712856000000 2.285552841000000
1.025912956000000 2.285855936000000
1.026113057000000 2.286159030000000
1.026313157000000 2.286462124000000
1.026513257000000 2.286765218000000
1.026713357000000 2.287068312000000
1.026913457000000 2.287371407000000
1.027113557000000 2.287674501000000
1.027313657000000 2.287977595000000
1.027513757000000 2.288280689000000
1.027713857000000 2.288583783000000
1.027913957000000 2.288886878000000
1.028114057000000 2.289189972000000
1.028314157000000 2.289493066000000
1.028514257000000 2.289796160000000
1.028714357000000 2.290099254000000
1.028914457000000 2.290402349000000
1.029114557000000 2.290705443000000
1.029314657000000 2.291008537000000
1.029514757000000 2.291311631000000
1.029714857000000 2.291614725000000
1.029914957000000 2.291917820000000
1.030115058000000 2.292220914000000
1.030315158000000 2.292524008000000
1.030515258000000 2.292827102000000
1.030715358000000 2.293130196000000
1.030915458000000 2.293433291000000
1.031115558000000 2.293736385000000
1.031315658000000 2.294062973000000
1.031515758000000 2.294437667000000
1.031715858000000 2.294812362000000
1.031915958000000 2.295187056000000
1.032116058000000 2.295561751000000
1.032316158000000 2.295936445000000
1.032516258000000 2.296311140000000
1.032716358000000 2.296685834000000
1.032916458000000 2.297060529000000
1.033116558000000 2.297435223000000
1.033316658000000 2.297809918000000
1.033516758000000 2.298184612000000
1.033716858000000 2.298559307000000
1.033916958000000 2.298934001000000
1.034117059000000 2.299308696000000
1.034317159000000 2.299683390000000
1.034517259000000 2.300058085000000
1.034717359000000 2.300432779000000
1.034917459000000 2.300807474000000
1.035117559000000 2.301182168000000
1.035317659000000 2.301556863000000
1.035517759000000 2.301931557000000
1.035717859000000 2.302306252000000
1.035917959000000 2.302680946000000
1.036118059000000 2.303055641000000
1.036318159000000 2.303430335000000
1.036518259000000 2.303805030000000
1.036718359000000 2.304179724000000
1.036918459000000 2.304554419000000
1.037118559000000 2.304929113000000
1.037318659000000 2.305303808000000
1.037518759000000 2.305678502000000
1.037718859000000 2.306053197000000
1.037918959000000 2.306427891000000
1.038119060000000 2.306802586000000
1.038319160000000 2.307177280000000
1.038519260000000 2.307551975000000
1.038719360000000 2.307926669000000
1.038919460000000 2.308301364000000
1.039119560000000 2.308676058000000
1.039319660000000 2.309050753000000
1.039519760000000 2.309425447000000
1.039719860000000 2.309800142000000
1.039919960000000 2.310174836000000
1.040120060000000 2.310549531000000
1.040320160000000 2.310924225000000
1.040520260000000 2.311298920000000
1.040720360000000 2.311673614000000
1.040920460000000 2.312048309000000
1.041120560000000 2.312423003000000
1.041320660000000 2.312797698000000
1.041520760000000 2.313172392000000
1.041720860000000 2.313547087000000
1.041920960000000 2.313921781000000
1.042121061000000 2.314296476000000
1.042321161000000 2.314671170000000
1.042521261000000 2.315045865000000
1.042721361000000 2.315420559000000
1.042921461000000 2.315795254000000
1.043121561000000 2.316169948000000
1.043321661000000 2.316544643000000
1.043521761000000 2.316919337000000
1.043721861000000 2.317294032000000
1.043921961000000 2.317633925000000
1.044122061000000 2.317968123000000
1.044322161000000 2.318302321000000
1.044522261000000 2.318636519000000
1.044722361000000 2.318970717000000
1.044922461000000 2.319304915000000
1.045122561000000 2.319639113000000
1.045322661000000 2.319973311000000
1.045522761000000 2.320307509000000
1.045722861000000 2.320641707000000
1.045922961000000 2.320975905000000
1.046123062000000 2.321310103000000
1.046323162000000 2.321644301000000
1.046523262000000 2.321978499000000
1.046723362000000 2.322312697000000
1.046923462000000 2.322646895000000
1.047123562000000 2.322981093000000
1.047323662000000 2.323315291000000
1.047523762000000 2.323649489000000
1.047723862000000 2.323983687000000
1.047923962000000 2.324317885000000
1.048124062000000 2.324652083000000
1.048324162000000 2.324986281000000
1.048524262000000 2.325320479000000
1.048724362000000 2.325654677000000
1.048924462000000 2.325988875000000
1.049124562000000 2.326323073000000
1.049324662000000 2.326657271000000
1.049524762000000 2.326991469000000
1.049724862000000 2.327325668000000
1.049924962000000 2.327659866000000
1.050125063000000 2.327994064000000
1.050325163000000 2.328328262000000
1.050525263000000 2.328662460000000
1.050725363000000 2.328996658000000
1.050925463000000 2.329330856000000
1.051125563000000 2.329665054000000
1.051325663000000 2.329999252000000
1.051525763000000 2.330333450000000
1.051725863000000 2.330667648000000
1.051925963000000 2.331001846000000
1.052126063000000 2.331336044000000
1.052326163000000 2.331670242000000
1.052526263000000 2.332004440000000
1.052726363000000 2.332338638000000
1.052926463000000 2.332672836000000
1.053126563000000 2.333007034000000
1.053326663000000 2.333341232000000
1.053526763000000 2.333675430000000
1.053726863000000 2.334009628000000
1.053926963000000 2.334343826000000
1.054127064000000 2.334678024000000
1.054327164000000 2.335012222000000
1.054527264000000 2.335346420000000
1.054727364000000 2.335680618000000
1.054927464000000 2.336014816000000
1.055127564000000 2.336349014000000
1.055327664000000 2.336683212000000
1.055527764000000 2.337017410000000
1.055727864000000 2.337351608000000
1.055927964000000 2.337685806000000
1.056128064000000 2.338020004000000
1.056328164000000 2.338469104000000
1.056528264000000 2.339097448000000
1.056728364000000 2.339725793000000
1.056928464000000 2.340354138000000
1.057128564000000 2.340982483000000
1.057328664000000 2.341610828000000
1.057528764000000 2.342239172000000
1.057728864000000 2.342867517000000
1.057928964000000 2.343495862000000
1.058129065000000 2.344124207000000
1.058329165000000 2.344752552000000
1.058529265000000 2.345380896000000
1.058729365000000 2.346009241000000
1.058929465000000 2.346637586000000
1.059129565000000 2.347265931000000
1.059329665000000 2.347894276000000
1.059529765000000 2.348522620000000
1.059729865000000 2.349150965000000
1.059929965000000 2.349779310000000
1.060130065000000 2.350407655000000
1.060330165000000 2.351036000000000
1.060530265000000 2.351664344000000
1.060730365000000 2.352292689000000
1.060930465000000 2.352921034000000
1.061130565000000 2.353549379000000
1.061330665000000 2.354177724000000
1.061530765000000 2.354806068000000
1.061730865000000 2.355434413000000
1.061930965000000 2.356062758000000
1.062131066000000 2.356691103000000
1.062331166000000 2.357319448000000
1.062531266000000 2.357947792000000
1.062731366000000 2.358576137000000
1.062931466000000 2.359204482000000
1.063131566000000 2.359832827000000
1.063331666000000 2.360461172000000
1.063531766000000 2.361089516000000
1.063731866000000 2.361717861000000
1.063931966000000 2.362346206000000
1.064132066000000 2.362974551000000
1.064332166000000 2.363602896000000
1.064532266000000 2.364231240000000
1.064732366000000 2.364859585000000
1.064932466000000 2.365487930000000
1.065132566000000 2.366116275000000
1.065332666000000 2.366744620000000
1.065532766000000 2.367372964000000
1.065732866000000 2.368001309000000
1.065932966000000 2.368629654000000
1.066133067000000 2.369257999000000
1.066333167000000 2.369886344000000
1.066533267000000 2.370514688000000
1.066733367000000 2.371143033000000
1.066933467000000 2.371771378000000
1.067133567000000 2.372399723000000
1.067333667000000 2.373028068000000
1.067533767000000 2.373656412000000
1.067733867000000 2.374284757000000
1.067933967000000 2.374913102000000
1.068134067000000 2.375541447000000
1.068334167000000 2.376169792000000
1.068534267000000 2.376798136000000
1.068734367000000 2.377426481000000
1.068934467000000 2.378121367000000
1.069134567000000 2.378821892000000
1.069334667000000 2.379522417000000
1.069534767000000 2.380222942000000
1.069734867000000 2.380923467000000
1.069934967000000 2.381623992000000
1.070135068000000 2.382324517000000
1.070335168000000 2.383025042000000
1.070535268000000 2.383725567000000
1.070735368000000 2.384426092000000
1.070935468000000 2.385126617000000
1.071135568000000 2.385827142000000
1.071335668000000 2.386527667000000
1.071535768000000 2.387228192000000
1.071735868000000 2.387928716000000
1.071935968000000 2.388629241000000
1.072136068000000 2.389329766000000
1.072336168000000 2.390030291000000
1.072536268000000 2.390730816000000
1.072736368000000 2.391431341000000
1.072936468000000 2.392131866000000
1.073136568000000 2.392832391000000
1.073336668000000 2.393532916000000
1.073536768000000 2.394233441000000
1.073736868000000 2.394933966000000
1.073936968000000 2.395634491000000
1.074137069000000 2.396335016000000
1.074337169000000 2.397035541000000
1.074537269000000 2.397736066000000
1.074737369000000 2.398436591000000
1.074937469000000 2.399137116000000
1.075137569000000 2.399837641000000
1.075337669000000 2.400538166000000
1.075537769000000 2.401238691000000
1.075737869000000 2.401939216000000
1.075937969000000 2.402639740000000
1.076138069000000 2.403340265000000
1.076338169000000 2.404040790000000
1.076538269000000 2.404741315000000
1.076738369000000 2.405441840000000
1.076938469000000 2.406142365000000
1.077138569000000 2.406842890000000
1.077338669000000 2.407543415000000
1.077538769000000 2.408243940000000
1.077738869000000 2.408944465000000
1.077938969000000 2.409644990000000
1.078139070000000 2.410345515000000
1.078339170000000 2.411046040000000
1.078539270000000 2.411746565000000
1.078739370000000 2.412447090000000
1.078939470000000 2.413147615000000
1.079139570000000 2.413848140000000
1.079339670000000 2.414548665000000
1.079539770000000 2.415249190000000
1.079739870000000 2.415949715000000
1.079939970000000 2.416650239000000
1.080140070000000 2.417350764000000
1.080340170000000 2.418051289000000
1.080540270000000 2.418751814000000
1.080740370000000 2.419452339000000
1.080940470000000 2.420152864000000
1.081140570000000 2.420853389000000
1.081340670000000 2.421473809000000
1.081540770000000 2.421997551000000
1.081740870000000 2.422521293000000
1.081940970000000 2.423045035000000
1.082141071000000 2.423568777000000
1.082341171000000 2.424092519000000
1.082541271000000 2.424616261000000
1.082741371000000 2.425140003000000
1.082941471000000 2.425663745000000
1.083141571000000 2.426187487000000
1.083341671000000 2.426711229000000
1.083541771000000 2.427234971000000
1.083741871000000 2.427758713000000
1.083941971000000 2.428282455000000
1.084142071000000 2.428806197000000
1.084342171000000 2.429329939000000
1.084542271000000 2.429853681000000
1.084742371000000 2.430377423000000
1.084942471000000 2.430901165000000
1.085142571000000 2.431424907000000
1.085342671000000 2.431948649000000
1.085542771000000 2.432472391000000
1.085742871000000 2.432996133000000
1.085942971000000 2.433519875000000
1.086143072000000 2.434043617000000
1.086343172000000 2.434567359000000
1.086543272000000 2.435091101000000
1.086743372000000 2.435614843000000
1.086943472000000 2.436138585000000
1.087143572000000 2.436662327000000
1.087343672000000 2.437186069000000
1.087543772000000 2.437709811000000
1.087743872000000 2.438233553000000
1.087943972000000 2.438757295000000
1.088144072000000 2.439281037000000
1.088344172000000 2.439804779000000
1.088544272000000 2.440328521000000
1.088744372000000 2.440852263000000
1.088944472000000 2.441376005000000
1.089144572000000 2.441899747000000
1.089344672000000 2.442423489000000
1.089544772000000 2.442947231000000
1.089744872000000 2.443470973000000
1.089944972000000 2.443994715000000
1.090145073000000 2.444518457000000
1.090345173000000 2.445042199000000
1.090545273000000 2.445565941000000
1.090745373000000 2.446089683000000
1.090945473000000 2.446613425000000
1.091145573000000 2.447137167000000
1.091345673000000 2.447660909000000
1.091545773000000 2.448184651000000
1.091745873000000 2.448708393000000
1.091945973000000 2.449232135000000
1.092146073000000 2.449755877000000
1.092346173000000 2.450279619000000
1.092546273000000 2.450803361000000
1.092746373000000 2.451327103000000
1.092946473000000 2.451850845000000
1.093146573000000 2.452374587000000
1.093346673000000 2.452898329000000
1.093546773000000 2.453422071000000
1.093746873000000 2.453945813000000
1.093946973000000 2.454494513000000
1.094147074000000 2.455043610000000
1.094347174000000 2.455592707000000
1.094547274000000 2.456141804000000
1.094747374000000 2.456690901000000
1.094947474000000 2.457239998000000
1.095147574000000 2.457789095000000
1.095347674000000 2.458338192000000
1.095547774000000 2.458887289000000
1.095747874000000 2.459436386000000
1.095947974000000 2.459985483000000
1.096148074000000 2.460534580000000
1.096348174000000 2.461083677000000
1.096548274000000 2.461632774000000
1.096748374000000 2.462181871000000
1.096948474000000 2.462730968000000
1.097148574000000 2.463280065000000
1.097348674000000 2.463829162000000
1.097548774000000 2.464378259000000
1.097748874000000 2.464927356000000
1.097948974000000 2.465476453000000
1.098149075000000 2.466025550000000
1.098349175000000 2.466574647000000
1.098549275000000 2.467123744000000
1.098749375000000 2.467672841000000
1.098949475000000 2.468221938000000
1.099149575000000 2.468771035000000
1.099349675000000 2.469320132000000
1.099549775000000 2.469869229000000
1.099749875000000 2.470418326000000
1.099949975000000 2.470967423000000
1.100150075000000 2.471516520000000
1.100350175000000 2.472065616000000
1.100550275000000 2.472614713000000
1.100750375000000 2.473163810000000
1.100950475000000 2.473712907000000
1.101150575000000 2.474262004000000
1.101350675000000 2.474811101000000
1.101550775000000 2.475360198000000
1.101750875000000 2.475909295000000
1.101950975000000 2.476458392000000
1.102151076000000 2.477007489000000
1.102351176000000 2.477556586000000
1.102551276000000 2.478105683000000
1.102751376000000 2.478654780000000
1.102951476000000 2.479203877000000
1.103151576000000 2.479752974000000
1.103351676000000 2.480302071000000
1.103551776000000 2.480851168000000
1.103751876000000 2.481400265000000
1.103951976000000 2.481949362000000
1.104152076000000 2.482498459000000
1.104352176000000 2.483047556000000
1.104552276000000 2.483596653000000
1.104752376000000 2.484145750000000
1.104952476000000 2.484694847000000
1.105152576000000 2.485243944000000
1.105352676000000 2.485793041000000
1.105552776000000 2.486342138000000
1.105752876000000 2.486891235000000
1.105952976000000 2.487440332000000
1.106153077000000 2.487989429000000
1.106353177000000 2.488548974000000
1.106553277000000 2.489118335000000
1.106753377000000 2.489687695000000
1.106953477000000 2.490257056000000
1.107153577000000 2.490826417000000
1.107353677000000 2.491395778000000
1.107553777000000 2.491965138000000
1.107753877000000 2.492534499000000
1.107953977000000 2.493103860000000
1.108154077000000 2.493673220000000
1.108354177000000 2.494242581000000
1.108554277000000 2.494811942000000
1.108754377000000 2.495381302000000
1.108954477000000 2.495950663000000
1.109154577000000 2.496520024000000
1.109354677000000 2.497089385000000
1.109554777000000 2.497658745000000
1.109754877000000 2.498228106000000
1.109954977000000 2.498797467000000
1.110155078000000 2.499366827000000
1.110355178000000 2.499936188000000
1.110555278000000 2.500505549000000
1.110755378000000 2.501074909000000
1.110955478000000 2.501644270000000
1.111155578000000 2.502213631000000
1.111355678000000 2.502782991000000
1.111555778000000 2.503352352000000
1.111755878000000 2.503921713000000
1.111955978000000 2.504491074000000
1.112156078000000 2.505060434000000
1.112356178000000 2.505629795000000
1.112556278000000 2.506199156000000
1.112756378000000 2.506768516000000
1.112956478000000 2.507337877000000
1.113156578000000 2.507907238000000
1.113356678000000 2.508476598000000
1.113556778000000 2.509045959000000
1.113756878000000 2.509615320000000
1.113956978000000 2.510184681000000
1.114157079000000 2.510754041000000
1.114357179000000 2.511323402000000
1.114557279000000 2.511892763000000
1.114757379000000 2.512462123000000
1.114957479000000 2.513031484000000
1.115157579000000 2.513600845000000
1.115357679000000 2.514170205000000
1.115557779000000 2.514739566000000
1.115757879000000 2.515308927000000
1.115957979000000 2.515878288000000
1.116158079000000 2.516447648000000
1.116358179000000 2.517017009000000
1.116558279000000 2.517586370000000
1.116758379000000 2.518155730000000
1.116958479000000 2.518725091000000
1.117158579000000 2.519294452000000
1.117358679000000 2.519863812000000
1.117558779000000 2.520433173000000
1.117758879000000 2.521002534000000
1.117958979000000 2.521571895000000
1.118159080000000 2.522141255000000
1.118359180000000 2.522710616000000
1.118559280000000 2.523279977000000
1.118759380000000 2.523864306000000
1.118959480000000 2.524752991000000
1.119159580000000 2.525641676000000
1.119359680000000 2.526530361000000
1.119559780000000 2.527419047000000
1.119759880000000 2.528307732000000
1.119959980000000 2.529196417000000
1.120160080000000 2.530085103000000
1.120360180000000 2.530973788000000
1.120560280000000 2.531862473000000
1.120760380000000 2.532751158000000
1.120960480000000 2.533639844000000
1.121160580000000 2.534528529000000
1.121360680000000 2.535417214000000
1.121560780000000 2.536305899000000
1.121760880000000 2.537194585000000
1.121960980000000 2.538083270000000
1.122161081000000 2.538971955000000
1.122361181000000 2.539860641000000
1.122561281000000 2.540749326000000
1.122761381000000 2.541638011000000
1.122961481000000 2.542526696000000
1.123161581000000 2.543415382000000
1.123361681000000 2.544304067000000
1.123561781000000 2.545192752000000
1.123761881000000 2.546081437000000
1.123961981000000 2.546970123000000
1.124162081000000 2.547858808000000
1.124362181000000 2.548747493000000
1.124562281000000 2.549636178000000
1.124762381000000 2.550524864000000
1.124962481000000 2.551413549000000
1.125162581000000 2.552302234000000
1.125362681000000 2.553190920000000
1.125562781000000 2.554079605000000
1.125762881000000 2.554968290000000
1.125962981000000 2.555856975000000
1.126163082000000 2.556745661000000
1.126363182000000 2.557634346000000
1.126563282000000 2.558523031000000
1.126763382000000 2.559411716000000
1.126963482000000 2.560300402000000
1.127163582000000 2.561189087000000
1.127363682000000 2.562077772000000
1.127563782000000 2.562966457000000
1.127763882000000 2.563855143000000
1.127963982000000 2.564743828000000
1.128164082000000 2.565632513000000
1.128364182000000 2.566521199000000
1.128564282000000 2.567409884000000
1.128764382000000 2.568298569000000
1.128964482000000 2.569187254000000
1.129164582000000 2.570075940000000
1.129364682000000 2.570964625000000
1.129564782000000 2.571853310000000
1.129764882000000 2.572741995000000
1.129964982000000 2.573630681000000
1.130165083000000 2.574519366000000
1.130365183000000 2.575408051000000
1.130565283000000 2.576296736000000
1.130765383000000 2.577185422000000
1.130965483000000 2.578074107000000
1.131165583000000 2.578962792000000
1.131365683000000 2.579862530000000
1.131565783000000 2.580770332000000
1.131765883000000 2.581678135000000
1.131965983000000 2.582585938000000
1.132166083000000 2.583493740000000
1.132366183000000 2.584401543000000
1.132566283000000 2.585309345000000
1.132766383000000 2.586217148000000
1.132966483000000 2.587124951000000
1.133166583000000 2.588032753000000
1.133366683000000 2.588940556000000
1.133566783000000 2.589848359000000
1.133766883000000 2.590756161000000
1.133966983000000 2.591663964000000
1.134167084000000 2.592571766000000
1.134367184000000 2.593479569000000
1.134567284000000 2.594387372000000
1.134767384000000 2.595295174000000
1.134967484000000 2.596202977000000
1.135167584000000 2.597110779000000
1.135367684000000 2.598018582000000
1.135567784000000 2.598926385000000
1.135767884000000 2.599834187000000
1.135967984000000 2.600741990000000
1.136168084000000 2.601649793000000
1.136368184000000 2.602557595000000
1.136568284000000 2.603465398000000
1.136768384000000 2.604373200000000
1.136968484000000 2.605281003000000
1.137168584000000 2.606188806000000
1.137368684000000 2.607096608000000
1.137568784000000 2.608004411000000
1.137768884000000 2.608912213000000
1.137968984000000 2.609820016000000
1.138169085000000 2.610727819000000
1.138369185000000 2.611635621000000
1.138569285000000 2.612543424000000
1.138769385000000 2.613451227000000
1.138969485000000 2.614359029000000
1.139169585000000 2.615266832000000
1.139369685000000 2.616174634000000
1.139569785000000 2.617082437000000
1.139769885000000 2.617990240000000
1.139969985000000 2.618898042000000
1.140170085000000 2.619805845000000
1.140370185000000 2.620713647000000
1.140570285000000 2.621621450000000
1.140770385000000 2.622529253000000
1.140970485000000 2.623437055000000
1.141170585000000 2.624344858000000
1.141370685000000 2.625252660000000
1.141570785000000 2.626160463000000
1.141770885000000 2.627068266000000
1.141970985000000 2.627976068000000
1.142171086000000 2.628883871000000
1.142371186000000 2.629791674000000
1.142571286000000 2.630699476000000
1.142771386000000 2.631607279000000
1.142971486000000 2.632515081000000
1.143171586000000 2.633422884000000
1.143371686000000 2.634330687000000
1.143571786000000 2.635238489000000
1.143771886000000 2.636114853000000
1.143971986000000 2.636735212000000
1.144172086000000 2.637355570000000
1.144372186000000 2.637975929000000
1.144572286000000 2.638596288000000
1.144772386000000 2.639216647000000
1.144972486000000 2.639837006000000
1.145172586000000 2.640457364000000
1.145372686000000 2.641077723000000
1.145572786000000 2.641698082000000
1.145772886000000 2.642318441000000
1.145972986000000 2.642938800000000
1.146173087000000 2.643559159000000
1.146373187000000 2.644179517000000
1.146573287000000 2.644799876000000
1.146773387000000 2.645420235000000
1.146973487000000 2.646040594000000
1.147173587000000 2.646660953000000
1.147373687000000 2.647281311000000
1.147573787000000 2.647901670000000
1.147773887000000 2.648522029000000
1.147973987000000 2.649142388000000
1.148174087000000 2.649762747000000
1.148374187000000 2.650383106000000
1.148574287000000 2.651003464000000
1.148774387000000 2.651623823000000
1.148974487000000 2.652244182000000
1.149174587000000 2.652864541000000
1.149374687000000 2.653484900000000
1.149574787000000 2.654105258000000
1.149774887000000 2.654725617000000
1.149974987000000 2.655345976000000
1.150175088000000 2.655966335000000
1.150375188000000 2.656586694000000
1.150575288000000 2.657207053000000
1.150775388000000 2.657827411000000
1.150975488000000 2.658447770000000
1.151175588000000 2.659068129000000
1.151375688000000 2.659688488000000
1.151575788000000 2.660308847000000
1.151775888000000 2.660929205000000
1.151975988000000 2.661549564000000
1.152176088000000 2.662169923000000
1.152376188000000 2.662790282000000
1.152576288000000 2.663410641000000
1.152776388000000 2.664031000000000
1.152976488000000 2.664651358000000
1.153176588000000 2.665271717000000
1.153376688000000 2.665892076000000
1.153576788000000 2.666512435000000
1.153776888000000 2.667132794000000
1.153976988000000 2.667753152000000
1.154177089000000 2.668373511000000
1.154377189000000 2.668993870000000
1.154577289000000 2.669614229000000
1.154777389000000 2.670234588000000
1.154977489000000 2.670854947000000
1.155177589000000 2.671475305000000
1.155377689000000 2.672095664000000
1.155577789000000 2.672716023000000
1.155777889000000 2.673336382000000
1.155977989000000 2.673956741000000
1.156178089000000 2.674577099000000
1.156378189000000 2.675201757000000
1.156578289000000 2.675828826000000
1.156778389000000 2.676455894000000
1.156978489000000 2.677082963000000
1.157178589000000 2.677710032000000
1.157378689000000 2.678337101000000
1.157578789000000 2.678964169000000
1.157778889000000 2.679591238000000
1.157978989000000 2.680218307000000
1.158179090000000 2.680845376000000
1.158379190000000 2.681472444000000
1.158579290000000 2.682099513000000
1.158779390000000 2.682726582000000
1.158979490000000 2.683353651000000
1.159179590000000 2.683980719000000
1.159379690000000 2.684607788000000
1.159579790000000 2.685234857000000
1.159779890000000 2.685861926000000
1.159979990000000 2.686488994000000
1.160180090000000 2.687116063000000
1.160380190000000 2.687743132000000
1.160580290000000 2.688370201000000
1.160780390000000 2.688997269000000
1.160980490000000 2.689624338000000
1.161180590000000 2.690251407000000
1.161380690000000 2.690878476000000
1.161580790000000 2.691505544000000
1.161780890000000 2.692132613000000
1.161980990000000 2.692759682000000
1.162181091000000 2.693386751000000
1.162381191000000 2.694013820000000
1.162581291000000 2.694640888000000
1.162781391000000 2.695267957000000
1.162981491000000 2.695895026000000
1.163181591000000 2.696522095000000
1.163381691000000 2.697149163000000
1.163581791000000 2.697776232000000
1.163781891000000 2.698403301000000
1.163981991000000 2.699030370000000
1.164182091000000 2.699657438000000
1.164382191000000 2.700284507000000
1.164582291000000 2.700911576000000
1.164782391000000 2.701538645000000
1.164982491000000 2.702165713000000
1.165182591000000 2.702792782000000
1.165382691000000 2.703419851000000
1.165582791000000 2.704046920000000
1.165782891000000 2.704673988000000
1.165982991000000 2.705301057000000
1.166183092000000 2.705928126000000
1.166383192000000 2.706555195000000
1.166583292000000 2.707182263000000
1.166783392000000 2.707809332000000
1.166983492000000 2.708436401000000
1.167183592000000 2.709063470000000
1.167383692000000 2.709690538000000
1.167583792000000 2.710317607000000
1.167783892000000 2.710944676000000
1.167983992000000 2.711571745000000
1.168184092000000 2.712198813000000
1.168384192000000 2.712825882000000
1.168584292000000 2.713452951000000
1.168784392000000 2.714136450000000
1.168984492000000 2.715091840000000
1.169184592000000 2.716047230000000
1.169384692000000 2.717002620000000
1.169584792000000 2.717958010000000
1.169784892000000 2.718913401000000
1.169984992000000 2.719868791000000
1.170185093000000 2.720824181000000
1.170385193000000 2.721779571000000
1.170585293000000 2.722734961000000
1.170785393000000 2.723690351000000
1.170985493000000 2.724645741000000
1.171185593000000 2.725601131000000
1.171385693000000 2.726556521000000
1.171585793000000 2.727511912000000
1.171785893000000 2.728467302000000
1.171985993000000 2.729422692000000
1.172186093000000 2.730378082000000
1.172386193000000 2.731333472000000
1.172586293000000 2.732288862000000
1.172786393000000 2.733244252000000
1.172986493000000 2.734199642000000
1.173186593000000 2.735155033000000
1.173386693000000 2.736110423000000
1.173586793000000 2.737065813000000
1.173786893000000 2.738021203000000
1.173986993000000 2.738976593000000
1.174187094000000 2.739931983000000
1.174387194000000 2.740887373000000
1.174587294000000 2.741842763000000
1.174787394000000 2.742798153000000
1.174987494000000 2.743753544000000
1.175187594000000 2.744708934000000
1.175387694000000 2.745664324000000
1.175587794000000 2.746619714000000
1.175787894000000 2.747575104000000
1.175987994000000 2.748530494000000
1.176188094000000 2.749485884000000
1.176388194000000 2.750441274000000
1.176588294000000 2.751396664000000
1.176788394000000 2.752352055000000
1.176988494000000 2.753307445000000
1.177188594000000 2.754262835000000
1.177388694000000 2.755218225000000
1.177588794000000 2.756173615000000
1.177788894000000 2.757129005000000
1.177988994000000 2.758084395000000
1.178189095000000 2.759039785000000
1.178389195000000 2.759995176000000
1.178589295000000 2.760950566000000
1.178789395000000 2.761905956000000
1.178989495000000 2.762861346000000
1.179189595000000 2.763816736000000
1.179389695000000 2.764772126000000
1.179589795000000 2.765727516000000
1.179789895000000 2.766682906000000
1.179989995000000 2.767638296000000
1.180190095000000 2.768593687000000
1.180390195000000 2.769549077000000
1.180590295000000 2.770504467000000
1.180790395000000 2.771459857000000
1.180990495000000 2.772415247000000
1.181190595000000 2.773370637000000
1.181390695000000 2.774332510000000
1.181590795000000 2.775297121000000
1.181790895000000 2.776261731000000
1.181990995000000 2.777226341000000
1.182191096000000 2.778190952000000
1.182391196000000 2.779155562000000
1.182591296000000 2.780120172000000
1.182791396000000 2.781084783000000
1.182991496000000 2.782049393000000
1.183191596000000 2.783014003000000
1.183391696000000 2.783978614000000
1.183591796000000 2.784943224000000
1.183791896000000 2.785907834000000
1.183991996000000 2.786872444000000
1.184192096000000 2.787837055000000
1.184392196000000 2.788801665000000
1.184592296000000 2.789766275000000
1.184792396000000 2.790730886000000
1.184992496000000 2.791695496000000
1.185192596000000 2.792660106000000
1.185392696000000 2.793624717000000
1.185592796000000 2.794589327000000
1.185792896000000 2.795553937000000
1.185992996000000 2.796518548000000
1.186193097000000 2.797483158000000
1.186393197000000 2.798447768000000
1.186593297000000 2.799412379000000
1.186793397000000 2.800376989000000
1.186993497000000 2.801341599000000
1.187193597000000 2.802306210000000
1.187393697000000 2.803270820000000
1.187593797000000 2.804235430000000
1.187793897000000 2.805200041000000
1.187993997000000 2.806164651000000
1.188194097000000 2.807129261000000
1.188394197000000 2.808093872000000
1.188594297000000 2.809058482000000
1.188794397000000 2.810023092000000
1.188994497000000 2.810987703000000
1.189194597000000 2.811952313000000
1.189394697000000 2.812916923000000
1.189594797000000 2.813881534000000
1.189794897000000 2.814846144000000
1.189994997000000 2.815810754000000
1.190195098000000 2.816775365000000
1.190395198000000 2.817739975000000
1.190595298000000 2.818704585000000
1.190795398000000 2.819669196000000
1.190995498000000 2.820633806000000
1.191195598000000 2.821598416000000
1.191395698000000 2.822563027000000
1.191595798000000 2.823527637000000
1.191795898000000 2.824492247000000
1.191995998000000 2.825456858000000
1.192196098000000 2.826421468000000
1.192396198000000 2.827386078000000
1.192596298000000 2.828350689000000
1.192796398000000 2.829315299000000
1.192996498000000 2.830279909000000
1.193196598000000 2.831244520000000
1.193396698000000 2.832209130000000
1.193596798000000 2.833173740000000
1.193796898000000 2.834065043000000
1.193996998000000 2.834716873000000
1.194197099000000 2.835368703000000
1.194397199000000 2.836020534000000
1.194597299000000 2.836672364000000
1.194797399000000 2.837324194000000
1.194997499000000 2.837976024000000
1.195197599000000 2.838627855000000
1.195397699000000 2.839279685000000
1.195597799000000 2.839931515000000
1.195797899000000 2.840583345000000
1.195997999000000 2.841235176000000
1.196198099000000 2.841887006000000
1.196398199000000 2.842538836000000
1.196598299000000 2.843190666000000
1.196798399000000 2.843842497000000
1.196998499000000 2.844494327000000
1.197198599000000 2.845146157000000
1.197398699000000 2.845797987000000
1.197598799000000 2.846449818000000
1.197798899000000 2.847101648000000
1.197998999000000 2.847753478000000
1.198199100000000 2.848405309000000
1.198399200000000 2.849057139000000
1.198599300000000 2.849708969000000
1.198799400000000 2.850360799000000
1.198999500000000 2.851012630000000
1.199199600000000 2.851664460000000
1.199399700000000 2.852316290000000
1.199599800000000 2.852968120000000
1.199799900000000 2.853619951000000
1.200000000000000 2.854271781000000
